LF3 LF1 LF2
CURTIS_H000378_T01_01_WG01 0.587030870719075 0.282873095363789 0.663983478994975
CURTIS_H000379_T01_01_WG01 0.618907265257358 0.89293186001122 2.22044604925031e-16
CURTIS_H000380_T01_01_WG01 0.625551541238854 2.22044604925031e-16 0.919127608236736
CURTIS_H000381_T01_01_WG01 0.508560888300396 0.998237176518883 2.22044604925031e-16
CURTIS_H000382_T01_01_WG01 2.22044604925031e-16 1.48356498503206 2.22044604925031e-16
CURTIS_H000383_T01_01_WG01 2.22044604925031e-16 0.502697658631043 1.01686360085595
CURTIS_H000384_T01_01_WG01 0.00513856996467668 1.47866116533767 2.22044604925031e-16
CURTIS_H000385_T01_01_WG01 0.33604480369252 1.16287204168877 2.22044604925031e-16
CURTIS_H000386_T01_01_WG01 0.236104446910098 1.25824672632356 2.22044604925031e-16
CURTIS_H000387_T01_01_WG01 1.28317124945735 0.259014090983744 2.22044604925031e-16
CURTIS_H000388_T01_01_WG01 0.0250686118851565 1.45964160683176 2.22044604925031e-16
CURTIS_H000389_T01_01_WG01 0.0407695089025381 1.44465798910488 2.22044604925031e-16
CURTIS_H000390_T01_01_WG01 0.290891621263132 1.20596244753789 2.22044604925031e-16
CURTIS_H000391_T01_01_WG01 0.275827675677003 1.22033821230287 2.22044604925031e-16
CURTIS_H000392_T01_01_WG01 1.55458457851541 2.22044604925031e-16 2.22044604925031e-16
CURTIS_H000393_T01_01_WG01 0.529242947827963 0.681522043666527 0.307876530014997
CURTIS_H000394_T01_01_WG01 0.327336604543506 0.425219670228592 0.773338394589328
CURTIS_H000395_T01_01_WG01 0.43821210343244 1.06537214968922 2.22044604925031e-16
CURTIS_H000396_T01_01_WG01 0.984736780324167 0.274101458454852 0.279611485594515
CURTIS_H000397_T01_01_WG01 0.179030227837499 1.31271356854904 2.22044604925031e-16
CURTIS_H000398_T01_01_WG01 0.9445699783262 0.00104574081126606 0.60242645494364
CURTIS_H000399_T01_01_WG01 0.566232377502729 0.65022909295547 0.303722837123719
CURTIS_H000400_T01_01_WG01 0.962666763704214 2.22044604925031e-16 0.585606736865888
CURTIS_H000401_T01_01_WG01 0.340985419000789 0.834628758738572 0.335401352534669
CURTIS_H000402_T01_01_WG01 0.751128485995707 0.766751029404412 2.22044604925031e-16
CURTIS_H000403_T01_01_WG01 2.22044604925031e-16 1.48356498503206 2.22044604925031e-16
CURTIS_H000404_T01_01_WG01 2.22044604925031e-16 1.48356498503206 2.22044604925031e-16
CURTIS_H000405_T01_01_WG01 0.529004741216029 0.978727279943336 2.22044604925031e-16
CURTIS_H000406_T01_01_WG01 0.03923699090409 1.4461204955988 2.22044604925031e-16
CURTIS_H000407_T01_01_WG01 0.0508590734647826 1.43502935589596 2.22044604925031e-16
CURTIS_H000408_T01_01_WG01 0.175167917355922 2.22044604925031e-16 1.36470920372233
CURTIS_H000409_T01_01_WG01 2.22044604925031e-16 1.48356498503206 2.22044604925031e-16
CURTIS_H000410_T01_01_WG01 0.752015370412942 0.0458268385568864 0.746503536320734
CURTIS_H000411_T01_01_WG01 0.0952341304200281 1.39268152766106 2.22044604925031e-16
CURTIS_H000412_T01_01_WG01 1.45470903296833 2.22044604925031e-16 0.0988106640094645
CURTIS_H000413_T01_01_WG01 2.22044604925031e-16 1.48356498503206 2.22044604925031e-16
CURTIS_H000414_T01_01_WG01 0.0891159818794218 1.39852017489422 2.22044604925031e-16
CURTIS_H000415_T01_01_WG01 1.14441958307645 2.22044604925031e-16 0.405791781469254
CURTIS_H000416_T01_01_WG01 0.560162939353256 0.948992511959708 2.22044604925031e-16
CURTIS_H000417_T01_01_WG01 0.0620809809652127 1.42432010966839 2.22044604925031e-16
CURTIS_H000418_T01_01_WG01 0.597759813965501 0.674997128876365 0.246854565324843
CURTIS_H000419_T01_01_WG01 0.4252195989423 2.22044604925031e-16 1.11732359437327
CURTIS_H000420_T01_01_WG01 0.660370454449926 2.22044604925031e-16 0.884679937231502
CURTIS_H000421_T01_01_WG01 1.21319671344928 2.22044604925031e-16 0.337747958693821
CURTIS_H000422_T01_01_WG01 2.22044604925031e-16 2.22044604925031e-16 0.769004732943225
CURTIS_H000423_T01_01_WG01 0.165957390803055 0.121563619460291 1.24779671546054
CURTIS_H000424_T01_01_WG01 2.22044604925031e-16 2.22044604925031e-16 1.53800946588645
CURTIS_H000425_T01_01_WG01 0.90372321811879 2.22044604925031e-16 0.643921821368956
CURTIS_H000426_T01_01_WG01 1.00797227460303 2.22044604925031e-16 0.54078427716688
CURTIS_H000427_T01_01_WG01 0.594571447363382 0.204291824614013 0.737988379313244
CURTIS_H000428_T01_01_WG01 0.777292289257705 2.22044604925031e-16 0.769004732943225
CURTIS_H000429_T01_01_WG01 1.21604857168783 2.22044604925031e-16 0.334926507209693
CURTIS_H000430_T01_01_WG01 0.34407179283236 2.22044604925031e-16 1.19760619569188
CURTIS_H000431_T01_01_WG01 0.984941619039866 2.22044604925031e-16 0.563569377927078
CURTIS_H000432_T01_01_WG01 1.55458457851541 2.22044604925031e-16 2.22044604925031e-16
CURTIS_H000433_T01_01_WG01 2.22044604925031e-16 0.41864426985457 1.10400161562599
CURTIS_H000434_T01_01_WG01 2.22044604925031e-16 0.339459784710727 0.417087312782766
CURTIS_H000435_T01_01_WG01 0.265472000213706 0.599401875456253 0.653968977490604
CURTIS_H000436_T01_01_WG01 0.500224336064949 2.22044604925031e-16 1.04311856411939
CURTIS_H000437_T01_01_WG01 0.792637659369092 0.327010952944369 0.414811240447615
CURTIS_H000438_T01_01_WG01 0.878149401889153 2.22044604925031e-16 0.669222967400897
CURTIS_H000439_T01_01_WG01 1.06739280194505 2.22044604925031e-16 0.48199729652717
CURTIS_H000440_T01_01_WG01 2.22044604925031e-16 2.22044604925031e-16 1.53800946588645
CURTIS_H000441_T01_01_WG01 2.22044604925031e-16 1.4835647640956 2.29044480231012e-07
CURTIS_H000442_T01_01_WG01 0.882666550473342 2.22044604925031e-16 0.664753981038037
CURTIS_H000443_T01_01_WG01 0.572335512819117 0.510230557290475 0.442821033730262
CURTIS_H000444_T01_01_WG01 0.71915164944622 2.22044604925031e-16 0.826525472321814
CURTIS_H000445_T01_01_WG01 0.522993510771764 0.157461743086479 0.857351817084404
CURTIS_H000446_T01_01_WG01 0.38542754301702 2.22044604925031e-16 0.387686651080072
CURTIS_H000447_T01_01_WG01 2.22044604925031e-16 0.699826145049814 0.812500811785817
CURTIS_H000448_T01_01_WG01 0.924958144693944 2.22044604925031e-16 0.622913303381998
CURTIS_H000449_T01_01_WG01 2.22044604925031e-16 2.22044604925031e-16 0.769004732943225
CURTIS_H000450_T01_01_WG01 0.876586257344259 2.22044604925031e-16 0.670769445566075
CURTIS_H000451_T01_01_WG01 0.573038988435836 2.22044604925031e-16 0.971080267747891
CURTIS_H000452_T01_01_WG01 0.984499796400063 2.22044604925031e-16 0.56400648981642
CURTIS_H000453_T01_01_WG01 0.264146062494532 0.597642996519342 0.657104204952291
CURTIS_H000454_T01_01_WG01 1.41321232811305 2.22044604925031e-16 0.139864927478018
CURTIS_H000455_T01_01_WG01 0.022017394647591 1.46255343235605 2.22044604925031e-16
CURTIS_H000456_T01_01_WG01 1.06917362335397 2.22044604925031e-16 0.480235462387146
CURTIS_H000457_T01_01_WG01 0.299287708738335 0.0320411683259083 1.20869575972184
CURTIS_H000458_T01_01_WG01 0.842273665263179 2.22044604925031e-16 0.704716193880148
CURTIS_H000459_T01_01_WG01 0.234731552608907 2.22044604925031e-16 1.30578064100033
CURTIS_H000460_T01_01_WG01 1.13584764428525 2.22044604925031e-16 0.414272325522027
CURTIS_H000461_T01_01_WG01 0.777292289257705 2.22044604925031e-16 3.33072365501855e-16
CURTIS_H000462_T01_01_WG01 0.378839880465175 0.348513520777578 0.801905394383632
CURTIS_H000463_T01_01_WG01 0.993090069495126 0.535843211352174 2.22044604925031e-16
CURTIS_H000464_T01_01_WG01 0.684231400070344 0.0411176226538622 0.818446824876569
CURTIS_H000465_T01_01_WG01 0.558020748599221 7.79785190905334e-11 0.985938381756749
CURTIS_H000466_T01_01_WG01 0.472366594424442 2.22044604925031e-16 1.07067928415576
CURTIS_H000467_T01_01_WG01 2.22044604925031e-16 1.48356498503206 2.22044604925031e-16
CURTIS_H000468_T01_01_WG01 0.398208567366305 1.10354816545921 2.22044604925031e-16
CURTIS_H000469_T01_01_WG01 2.22044604925031e-16 1.48352259542152 4.39452419888359e-05
CURTIS_H000470_T01_01_WG01 0.882369569175595 0.173921801395882 0.484743340365116
CURTIS_H000471_T01_01_WG01 0.177196201494224 2.22044604925031e-16 1.36270254532154
CURTIS_H000472_T01_01_WG01 0.805627759276915 0.714741499226963 2.22044604925031e-16
CURTIS_H000473_T01_01_WG01 1.1467282384585 0.0156132556590926 0.38732150379977
CURTIS_H000474_T01_01_WG01 0.549643079230183 0.700875578154728 0.267630128049986
CURTIS_H000475_T01_01_WG01 0.462521650820581 0.492605940550832 0.569735463225793
CURTIS_H000476_T01_01_WG01 2.22044604925031e-16 0.723159229869033 0.788311439778285
CURTIS_H000477_T01_01_WG01 0.986023372244962 0.161406325035883 0.395169477418583
CURTIS_H000478_T01_01_WG01 0.319356576320272 0.664438591914835 0.533235462551302
CURTIS_H000479_T01_01_WG01 0.0791587615206922 0.95611134182504 0.468495590866565
CURTIS_H000480_T01_01_WG01 0.0851879696655324 1.40226873992043 2.22044604925031e-16
CURTIS_H000481_T01_01_WG01 0.929989643769605 2.22044604925031e-16 0.617935450576229
CURTIS_H000482_T01_01_WG01 0.303708851280074 1.19373075945798 2.22044604925031e-16
CURTIS_H000483_T01_01_WG01 0.699344777671195 2.91796585020728e-06 0.846118136499477
CURTIS_H000484_T01_01_WG01 2.22044604925031e-16 1.48356498503206 2.22044604925031e-16
CURTIS_H000485_T01_01_WG01 1.17554519377167 0.00193122690127931 0.372995934811077
CURTIS_H000486_T01_01_WG01 1.01434952227105 2.22044604925031e-16 0.53447502425439
CURTIS_H000487_T01_01_WG01 0.371288385095522 2.22044604925031e-16 1.17067978904382
CURTIS_H000488_T01_01_WG01 2.22044604925031e-16 2.22044604925031e-16 1.53800946588645
CURTIS_H000489_T01_01_WG01 0.453804794829938 0.601199731728715 0.465780368359254
CURTIS_H000490_T01_01_WG01 1.11995550923028 2.22044604925031e-16 0.429995017285136
CURTIS_H000491_T01_01_WG01 2.22044604925031e-16 2.22044604925031e-16 1.53800946588645
CURTIS_H000492_T01_01_WG01 2.22044604925031e-16 0.165899421092926 1.36602179928586
CURTIS_H000493_T01_01_WG01 0.484891993639159 2.22044604925031e-16 1.05828743180982
CURTIS_H000494_T01_01_WG01 2.22044604925031e-16 1.48356498503206 2.22044604925031e-16
CURTIS_H000495_T01_01_WG01 0.777292289257705 2.22044604925031e-16 0.769004732943225
CURTIS_H000496_T01_01_WG01 0.278260585510474 2.22044604925031e-16 1.26271571833949
CURTIS_H000497_T01_01_WG01 0.542136125858595 0.966195789067939 2.22044604925031e-16
CURTIS_H000498_T01_01_WG01 0.240789758281052 0.41282323025607 0.871813840685469
CURTIS_H000499_T01_01_WG01 2.22044604925031e-16 1.48356498503206 2.22044604925031e-16
CURTIS_H000500_T01_01_WG01 0.289744914884306 0.578640949174435 0.651477682028208
CURTIS_H000501_T01_01_WG01 0.493737974884355 0.82877029961574 0.190350912634249
CURTIS_H000502_T01_01_WG01 0.0832566452961069 1.40411183372749 2.22044604925031e-16
CURTIS_H000503_T01_01_WG01 2.22044604925031e-16 0.393598873579935 0.360961405259065
CURTIS_H000504_T01_01_WG01 0.536636392084334 0.362478534099499 0.63131381540356
CURTIS_H000505_T01_01_WG01 1.06371125588858 2.22044604925031e-16 0.485639589627328
CURTIS_H000506_T01_01_WG01 0.451323855514833 0.535187759510928 0.536669362540435
CURTIS_H000507_T01_01_WG01 0.365292209816593 0.728299560900549 0.421585033461409
CURTIS_H000509_T01_01_WG01 0.666801783154768 0.847225353778253 2.22044604925031e-16
CURTIS_H000510_T01_01_WG01 0.45525345927022 1.04910931062096 2.22044604925031e-16
CURTIS_H000511_T01_01_WG01 0.205029005774671 1.28790251797368 2.22044604925031e-16
CURTIS_H000513_T01_01_WG01 0.471471570929388 1.03363210666988 2.22044604925031e-16
CURTIS_H000514_T01_01_WG01 0.592318956557364 0.918305509244383 2.22044604925031e-16
CURTIS_H000515_T01_01_WG01 0.156391708737501 0.516689394563774 0.847634143341834
CURTIS_H000516_T01_01_WG01 0.286270424492234 1.21037252969938 2.22044604925031e-16
CURTIS_H000517_T01_01_WG01 0.0150078230487529 1.06044227050565 0.423802838378927
CURTIS_H000518_T01_01_WG01 1.02890674706683 2.22044604925031e-16 0.520073009824063
CURTIS_H000519_T01_01_WG01 0.439049975971881 1.06457255449279 2.22044604925031e-16
CURTIS_H000520_T01_01_WG01 0.730850167938861 0.786102953410508 2.22044604925031e-16
CURTIS_H000521_T01_01_WG01 2.22044604925031e-16 0.263345023629047 1.26500009776173
CURTIS_H000522_T01_01_WG01 2.22044604925031e-16 2.22044604925031e-16 1.53800946588645
CURTIS_H000523_T01_01_WG01 0.570332523812845 2.22044604925031e-16 0.97375787581552
CURTIS_H000524_T01_01_WG01 0.698498578957019 0.816976593408562 2.22044604925031e-16
CURTIS_H000526_T01_01_WG01 0.8976052524934 2.22044604925031e-16 0.64997455672595
CURTIS_H000527_T01_01_WG01 0.537034699483203 0.634243627057738 0.349181314154492
CURTIS_H000528_T01_01_WG01 0.373578185250792 0.840221217362415 0.297358400141478
CURTIS_H000529_T01_01_WG01 1.14805174892843 2.22044604925031e-16 0.402198342077644
CURTIS_H000530_T01_01_WG01 0.491077601504482 0.504871124249043 0.528768682032325
CURTIS_H000531_T01_01_WG01 2.22044604925031e-16 1.21219682120459 0.281326944837446
CURTIS_H000532_T01_01_WG01 0.369780545672933 1.13067748229464 2.22044604925031e-16
CURTIS_H000533_T01_01_WG01 0.72442915765857 0.792230626457071 2.22044604925031e-16
CURTIS_H000534_T01_01_WG01 1.1342185423125 0.401162047292994 2.22044604925031e-16
CURTIS_H000535_T01_01_WG01 1.52809048793365 0.0244714999751637 0.000842043147589776
CURTIS_H000536_T01_01_WG01 0.738087087924518 0.425902909870084 0.36625905424794
CURTIS_H000537_T01_01_WG01 0.31143711482568 0.550750023140883 0.658931244924569
CURTIS_H000538_T01_01_WG01 2.22044604925031e-16 1.48356498503206 2.22044604925031e-16
CURTIS_H000539_T01_01_WG01 0.417069728534694 0.528576515581216 0.577412135204753
CURTIS_H000540_T01_01_WG01 0.375319928279126 0.526215856840462 0.621164086719654
CURTIS_H000541_T01_01_WG01 0.020142184194071 1.46434297575359 2.22044604925031e-16
CURTIS_H000543_T01_01_WG01 0.370478534130882 0.716665083914796 0.428515450006574
CURTIS_H000545_T01_01_WG01 2.22044604925031e-16 1.48356498503206 2.22044604925031e-16
CURTIS_H000546_T01_01_WG01 2.22044604925031e-16 1.48356498503206 2.22044604925031e-16
CURTIS_H000547_T01_01_WG01 0.199423600979046 1.29325184563115 2.22044604925031e-16
CURTIS_H000548_T01_01_WG01 1.55458457851541 2.22044604925031e-16 2.22044604925031e-16
CURTIS_H000550_T01_01_WG01 2.22044604925031e-16 0.550129817730427 0.967690756782179
CURTIS_H000551_T01_01_WG01 0.0276498816131339 0.918623525162916 0.558318838776378
CURTIS_H000552_T01_01_WG01 0.560943855327123 2.22044604925031e-16 0.983046441521543
CURTIS_H000553_T01_01_WG01 0.551253101882124 0.957495312693214 2.22044604925031e-16
CURTIS_H000554_T01_01_WG01 0.0453204325202195 1.1443284919065 0.306848711903618
CURTIS_H000557_T01_01_WG01 0.457026277400775 2.22044604925031e-16 1.08585604141822
CURTIS_H000558_T01_01_WG01 0.423680534579436 0.753214293159617 0.337990186570727
CURTIS_H000559_T01_01_WG01 1.48126114049237 2.22044604925031e-16 0.0725416573078763
CURTIS_H000560_T01_01_WG01 0.228552207784096 2.22044604925031e-16 1.31189410112651
CURTIS_H000561_T01_01_WG01 0.630031792479778 0.0874514932111858 0.824034301569078
CURTIS_H000562_T01_01_WG01 0.250996610788927 1.24403489559571 2.22044604925031e-16
CURTIS_H000563_T01_01_WG01 0.247575466098915 1.24729974881822 2.22044604925031e-16
CURTIS_H000564_T01_01_WG01 0.00768058324884663 1.47623528130922 2.22044604925031e-16
CURTIS_H000565_T01_01_WG01 0.654419099053736 0.859042347724346 2.22044604925031e-16
CURTIS_H000566_T01_01_WG01 0.1334811401244 1.35618179315721 2.22044604925031e-16
CURTIS_H000567_T01_01_WG01 0.0190452525030996 2.22044604925031e-16 1.51916727548087
CURTIS_H000568_T01_01_WG01 0.108193315759429 1.12450139181835 0.265200907878171
CURTIS_H000569_T01_01_WG01 0.573066574141963 0.936678366420937 2.22044604925031e-16
CURTIS_H000570_T01_01_WG01 0.309013131065564 1.18866880022506 2.22044604925031e-16
CURTIS_H000571_T01_01_WG01 2.22044604925031e-16 0.845811203198955 0.66115833364927
CURTIS_H000572_T01_01_WG01 2.22044604925031e-16 1.48356498503206 2.22044604925031e-16
CURTIS_H000573_T01_01_WG01 0.26284572174133 1.23272709905914 2.22044604925031e-16
CURTIS_H000574_T01_01_WG01 0.0140683095545908 1.20306910524297 0.276871321446242
CURTIS_H000575_T01_01_WG01 2.22044604925031e-16 0.982362177409743 0.519596155361766
CURTIS_H000576_T01_01_WG01 0.786712112765431 0.73279300393215 2.22044604925031e-16
CURTIS_H000577_T01_01_WG01 0.375460127055458 1.12525736673116 2.22044604925031e-16
CURTIS_H000578_T01_01_WG01 0.329051218551487 0.338515215631047 0.861528432441412
CURTIS_H000579_T01_01_WG01 0.105287605314803 1.38308733540036 2.22044604925031e-16
CURTIS_H000580_T01_01_WG01 2.22044604925031e-16 1.07969299387361 0.418693452376598
CURTIS_H000581_T01_01_WG01 0.56025919412901 0.333735921976906 0.637740302057054
CURTIS_H000582_T01_01_WG01 0.8390180977857 0.682876563903015 2.22044604925031e-16
CURTIS_H000583_T01_01_WG01 0.817450871950513 0.296551336706529 0.421840024264236
CURTIS_H000585_T01_01_WG01 0.666477511660267 0.847534811263896 2.22044604925031e-16
CURTIS_H000587_T01_01_WG01 0.716966507406817 0.490857040946646 0.319816600725875
CURTIS_H000588_T01_01_WG01 0.338626654555509 1.16040814002022 2.22044604925031e-16
CURTIS_H000589_T01_01_WG01 2.22044604925031e-16 1.48356498503206 2.22044604925031e-16
CURTIS_H000590_T01_01_WG01 2.22044604925031e-16 1.48356498503206 2.22044604925031e-16
CURTIS_H000591_T01_01_WG01 0.346313036707714 1.15307290231095 2.22044604925031e-16
CURTIS_H000592_T01_01_WG01 0.414001881069982 0.325292038888641 0.791191967438354
CURTIS_H000593_T01_01_WG01 0.0750416642967854 1.41195152179061 2.22044604925031e-16
CURTIS_H000724_T01_01_WG01 0.329242344951591 0.392896706468829 0.804962138587314
CURTIS_H000730_T01_01_WG01 2.22044604925031e-16 0.402967464195561 1.120253735177
CURTIS_H000779_T01_01_WG01 0.431156651729767 1.07210528035598 2.22044604925031e-16
CURTIS_H000782_T01_01_WG01 0.108122044892873 1.38038238427173 2.22044604925031e-16
CURTIS_H000793_T01_01_WG01 0.693752471347079 0.178089410193816 0.66702883327121
CURTIS_H001390_T01_01_WG01 0.515091430180848 0.992004975710373 2.22044604925031e-16
CURTIS_H001391_T01_01_WG01 0.68884448267284 2.22044604925031e-16 0.856509501512538
CURTIS_H001392_T01_01_WG01 0.898062072724316 0.419510527983935 0.214616708462478
CURTIS_H001393_T01_01_WG01 0.421416583129417 0.329477523834423 0.779517235959324
CURTIS_H001394_T01_01_WG01 0.517581190299337 0.276458159191397 0.739343035182475
CURTIS_H001395_T01_01_WG01 0.240084403364288 1.25444859007611 2.22044604925031e-16
CURTIS_H001396_T01_01_WG01 2.22044604925031e-16 0.40052595305111 1.1227848459063
CURTIS_H001397_T01_01_WG01 0.319326990755458 0.648401218182204 0.549890652573095
CURTIS_H001398_T01_01_WG01 0.440692266415101 1.06300529039504 2.22044604925031e-16
CURTIS_H001399_T01_01_WG01 1.34299860994452 2.22044604925031e-16 0.209330021028228
CURTIS_H001400_T01_01_WG01 0.561463572220538 0.643616790779645 0.315295760172908
CURTIS_H001401_T01_01_WG01 1.26928444894804 0.272266487330951 2.22044604925031e-16
CURTIS_H001402_T01_01_WG01 0.963830565133723 2.22044604925031e-16 0.584455343985928
CURTIS_H001403_T01_01_WG01 1.17722766100628 2.22044604925031e-16 0.373333506048938
CURTIS_H001404_T01_01_WG01 0.396502562926682 1.10517623284513 2.22044604925031e-16
CURTIS_H001405_T01_01_WG01 2.22044604925031e-16 2.22044604925031e-16 1.53800946588645
CURTIS_H001406_T01_01_WG01 0.383830240733745 2.22044604925031e-16 1.15827165573415
CURTIS_H001407_T01_01_WG01 0.463065722560796 2.22044604925031e-16 1.07988098933473
CURTIS_H001408_T01_01_WG01 2.22044604925031e-16 0.187058193764912 0.575081800287976
CURTIS_H001409_T01_01_WG01 0.777292289257705 2.22044604925031e-16 0.769004732943224
CURTIS_H001410_T01_01_WG01 0.473428560535316 0.812042072359074 0.227785912937859
CURTIS_H001411_T01_01_WG01 2.22044604925031e-16 0.160445650035275 1.37167571508737
CURTIS_H001412_T01_01_WG01 0.32061847239194 1.17759363695051 2.22044604925031e-16
CURTIS_H001413_T01_01_WG01 2.22044604925031e-16 1.48356498503206 2.22044604925031e-16
CURTIS_H001414_T01_01_WG01 0.541928463740523 2.22044604925031e-16 1.00185908939025
CURTIS_H001415_T01_01_WG01 0.803890364590369 2.22044604925031e-16 0.742690248545686
CURTIS_H001416_T01_01_WG01 0.532209710751416 0.975668726136417 2.22044604925031e-16
CURTIS_H001417_T01_01_WG01 1.01685481126227 0.344215886100144 0.175148383942915
CURTIS_H001418_T01_01_WG01 0.873127028807788 0.416247329152375 0.242668845876578
CURTIS_H001419_T01_01_WG01 0.342776194585437 2.22044604925031e-16 1.19888798016041
CURTIS_H001420_T01_01_WG01 2.22044604925031e-16 0.35790928341658 1.16696547969299
CURTIS_H001421_T01_01_WG01 0.575106106359032 0.40200495578452 0.552277289844295
CURTIS_H001422_T01_01_WG01 0.313686073375716 1.18420933646592 2.22044604925031e-16
CURTIS_H001423_T01_01_WG01 0.642713475813502 2.22044604925031e-16 0.902148655664118
CURTIS_H001424_T01_01_WG01 0.231502241302968 2.22044604925031e-16 1.30897552111523
CURTIS_H001426_T01_01_WG01 2.22044604925031e-16 0.686097753234136 0.826733013797146
CURTIS_H001427_T01_01_WG01 0.593251520038053 0.91741554896471 2.22044604925031e-16
CURTIS_H001428_T01_01_WG01 0.402068773904518 0.0503206106449565 1.08806028614324
CURTIS_H001429_T01_01_WG01 1.00680175626523 0.337275690503316 0.192289142177566
CURTIS_H001430_T01_01_WG01 2.22044604925031e-16 2.22044604925031e-16 1.53800946588645
CURTIS_H001431_T01_01_WG01 2.22044604925031e-16 1.13633651575385 0.359971203124355
CURTIS_H001432_T01_01_WG01 0.82618369148967 0.695124643581412 2.22044604925031e-16
CURTIS_H001433_T01_01_WG01 0.652113981698023 2.22044604925031e-16 0.892848378770647
CURTIS_H001434_T01_01_WG01 0.734896073168715 0.241236563910025 0.560859353965072
CURTIS_H001435_T01_01_WG01 0.160483133315843 1.33041335818203 2.22044604925031e-16
CURTIS_H001436_T01_01_WG01 0.435362463436607 1.06809160682021 2.22044604925031e-16
CURTIS_H001437_T01_01_WG01 0.555570045211756 0.953375584468245 2.22044604925031e-16
CURTIS_H001438_T01_01_WG01 0.769959567288339 0.369826127205714 0.392861113568821
CURTIS_H001439_T01_01_WG01 0.598267713549339 2.22044604925031e-16 0.946120533441333
CURTIS_H001440_T01_01_WG01 0.858125235055373 0.506017970283631 0.164445608017412
CURTIS_H001441_T01_01_WG01 1.09846264991271 2.22044604925031e-16 0.45125871791374
CURTIS_H001442_T01_01_WG01 0.67090035763018 0.843314018451569 2.22044604925031e-16
CURTIS_H001443_T01_01_WG01 2.22044604925031e-16 2.22044604925031e-16 1.53800946588645
CURTIS_H001444_T01_01_WG01 0.524817732717927 2.22044604925031e-16 1.01878738434743
CURTIS_H001445_T01_01_WG01 2.65279249398247e-11 1.48356498500675 2.22044604925031e-16
CURTIS_H001446_T01_01_WG01 0.475008185649111 0.507270353854097 0.542179486888409
CURTIS_H001447_T01_01_WG01 2.22044604925031e-16 2.22044604925031e-16 0.769004732943225
CURTIS_H001448_T01_01_WG01 0.676888509704752 2.22044604925031e-16 0.868337998882791
CURTIS_H001449_T01_01_WG01 2.22044604925031e-16 1.48356498503206 2.22044604925031e-16
CURTIS_H001450_T01_01_WG01 2.22044604925031e-16 2.22044604925031e-16 1.53800946588645
CURTIS_H001451_T01_01_WG01 0.483921850319864 2.22044604925031e-16 1.05924723137876
CURTIS_H001452_T01_01_WG01 0.837337059459121 0.395962242472924 0.299106736709055
CURTIS_H001453_T01_01_WG01 1.04044808749732 0.331433078242953 0.165058577842164
CURTIS_H001454_T01_01_WG01 2.22044604925031e-16 0.481380784830677 1.03896277009953
CURTIS_H001455_T01_01_WG01 1.17337787051169 2.22044604925031e-16 0.377142249750759
CURTIS_H001456_T01_01_WG01 2.22044604925031e-16 2.22044604925031e-16 1.53800946588645
CURTIS_H001457_T01_01_WG01 0.692199592040716 0.263133096753805 0.58040050073587
CURTIS_H001458_T01_01_WG01 0.481640280188175 0.281287716261782 0.769893946110279
CURTIS_H001459_T01_01_WG01 1.14235526562778 2.22044604925031e-16 0.407834088990201
CURTIS_H001460_T01_01_WG01 0.388920364177725 2.22044604925031e-16 1.15323580361805
CURTIS_H001461_T01_01_WG01 0.3530056351143 1.14668604836159 2.22044604925031e-16
CURTIS_H001462_T01_01_WG01 1.38465857811313 2.22044604925031e-16 0.168114234973639
CURTIS_H001463_T01_01_WG01 0.951673252101126 4.9960675053259e-11 0.596483034664051
CURTIS_H001464_T01_01_WG01 0.926054739647448 2.22044604925031e-16 0.621828400416895
CURTIS_H001465_T01_01_WG01 0.45083070498053 1.05333001594138 2.22044604925031e-16
CURTIS_H001466_T01_01_WG01 0.515386371116601 0.991723508847145 2.22044604925031e-16
CURTIS_H001467_T01_01_WG01 1.12490767002753 0.31153917019087 0.102123493454641
CURTIS_H001468_T01_01_WG01 0.736326536370547 0.78087676722375 2.22044604925031e-16
CURTIS_H001469_T01_01_WG01 2.22044604925031e-16 0.380737916512654 0.374294339043162
CURTIS_H001470_T01_01_WG01 2.22044604925031e-16 2.22044604925031e-16 1.53800946588645
CURTIS_H001471_T01_01_WG01 0.582869131614565 2.22044604925031e-16 0.96135493438948
CURTIS_H001472_T01_01_WG01 2.22044604925031e-16 0.207009067678892 0.554398760959069
CURTIS_H001473_T01_01_WG01 2.22044604925031e-16 2.22044604925031e-16 1.53800946588645
CURTIS_H001474_T01_01_WG01 2.22044604925031e-16 2.22044604925031e-16 0.769004732943225
CURTIS_H001475_T01_01_WG01 0.549098654637303 2.22044604925031e-16 0.994765347676953
CURTIS_H001476_T01_01_WG01 0.693141465585272 7.99415298723273e-08 0.852258250521113
CURTIS_H001477_T01_01_WG01 2.22044604925031e-16 0.673788168839222 0.839494340406709
CURTIS_H001478_T01_01_WG01 0.713658439084598 0.802509295859053 2.22044604925031e-16
CURTIS_H001479_T01_01_WG01 0.524412637545398 0.593188532337353 0.40423055014845
CURTIS_H001480_T01_01_WG01 2.22044604925031e-16 0.741782492516032 2.22044604925031e-16
CURTIS_H001481_T01_01_WG01 0.274778642206823 2.22044604925031e-16 1.26616053686832
CURTIS_H001482_T01_01_WG01 0.24951619536428 1.24544767976819 2.22044604925031e-16
CURTIS_H001483_T01_01_WG01 0.861246127912612 0.405246141913286 0.265827984952989
CURTIS_H001484_T01_01_WG01 0.743385648232504 0.393305701602144 0.394810461726024
CURTIS_H001485_T01_01_WG01 0.832963361409506 2.22044604925031e-16 0.713927230484475
CURTIS_H001486_T01_01_WG01 0.689195173160525 0.825854982704306 2.22044604925031e-16
CURTIS_H001487_T01_01_WG01 0.641284435047085 2.22044604925031e-16 0.90356245987668
CURTIS_H001488_T01_01_WG01 1.44286144824207 0.038181077993909 0.0709496658113263
CURTIS_H001489_T01_01_WG01 0.999758037366709 2.22044604925031e-16 0.548910933509096
CURTIS_H001490_T01_01_WG01 2.22044604925031e-16 0.36672392888433 0.388822617780282
CURTIS_H001491_T01_01_WG01 2.22044604925031e-16 1.48356424233234 7.69955623870209e-07
CURTIS_H001492_T01_01_WG01 0.900433315865066 2.22044604925031e-16 0.647176646405815
CURTIS_H001493_T01_01_WG01 2.22044604925031e-16 0.775801484981234 0.733737297435322
CURTIS_H001494_T01_01_WG01 0.463064043991917 1.04165554440851 2.22044604925031e-16
CURTIS_H001495_T01_01_WG01 0.124956523488246 2.22044604925031e-16 1.41438523944988
CURTIS_H001496_T01_01_WG01 2.22044604925031e-16 2.22044604925031e-16 1.53800946588645
CURTIS_H001497_T01_01_WG01 0.515137117041328 2.22044604925031e-16 1.02836478447862
CURTIS_H001498_T01_01_WG01 0.513039596343629 0.993963073634454 2.22044604925031e-16
CURTIS_H001499_T01_01_WG01 0.511841616993443 0.0588915442856518 0.970572377112669
CURTIS_H001500_T01_01_WG01 2.22044604925031e-16 0.0151343691309958 1.52231968942331
CURTIS_H001501_T01_01_WG01 0.235325050647901 2.22044604925031e-16 1.30519347088776
CURTIS_H001502_T01_01_WG01 2.22044604925031e-16 2.22044604925031e-16 1.53800946588645
CURTIS_H001503_T01_01_WG01 2.22044604925031e-16 0.212528399280455 1.31768161158894
CURTIS_H001504_T01_01_WG01 0.54701903712723 2.22044604925031e-16 0.996822792128749
CURTIS_H001505_T01_01_WG01 0.605495487949115 3.54180345517485e-05 0.938933104365017
CURTIS_H001506_T01_01_WG01 0.518872063641687 0.729277041615251 0.268629308357865
CURTIS_H001507_T01_01_WG01 2.22044604925031e-16 1.24937137709968 0.242788141728973
CURTIS_H001508_T01_01_WG01 2.22044604925031e-16 2.22044604925031e-16 1.53800946588645
CURTIS_H001509_T01_01_WG01 0.657987003494023 0.339007939276513 0.53558898291537
CURTIS_H001510_T01_01_WG01 0.571185878764494 0.938473144169337 2.22044604925031e-16
CURTIS_H001511_T01_01_WG01 0.693245474623042 0.307362717975761 0.53351299130437
CURTIS_H001512_T01_01_WG01 0.0509214367246661 2.22044604925031e-16 1.48763095783907
CURTIS_H001513_T01_01_WG01 0.566892409719213 0.942570470508429 2.22044604925031e-16
CURTIS_H001514_T01_01_WG01 2.22044604925031e-16 2.22044604925031e-16 1.53800946588645
CURTIS_H001515_T01_01_WG01 0.227069551244839 1.26686887209655 2.22044604925031e-16
CURTIS_H001516_T01_01_WG01 0.123000241194686 0.468959061357133 0.93015154892322
CURTIS_H001517_T01_01_WG01 0.343669772147147 2.22044604925031e-16 1.19800392999845
CURTIS_H001518_T01_01_WG01 1.55458457851541 2.22044604925031e-16 2.22044604925031e-16
CURTIS_H001519_T01_01_WG01 0.494326922350061 1.01182087841191 2.22044604925031e-16
CURTIS_H001520_T01_01_WG01 0.215196447497849 1.27819956534163 2.22044604925031e-16
CURTIS_H001521_T01_01_WG01 0.308848249269008 2.22044604925031e-16 1.23245418284626
CURTIS_H001522_T01_01_WG01 0.572839149292767 2.22044604925031e-16 0.971277976189067
CURTIS_H001523_T01_01_WG01 2.22044604925031e-16 2.22044604925031e-16 1.53800946588645
CURTIS_H001524_T01_01_WG01 0.929410565038621 0.00414145995106731 0.614214910160997
CURTIS_H001525_T01_01_WG01 0.434007424306386 1.06938474238499 2.22044604925031e-16
CURTIS_H001526_T01_01_WG01 1.52498549433669 0.0282468805386565 2.22044604925031e-16
CURTIS_H001527_T01_01_WG01 0.957396600183271 2.22044604925031e-16 0.59082070945638
CURTIS_H001528_T01_01_WG01 0.510397868318709 0.996484117038534 2.22044604925031e-16
CURTIS_H001529_T01_01_WG01 2.22044604925031e-16 0.741782492516032 2.22044604925031e-16
CURTIS_H001530_T01_01_WG01 1.55458457851541 2.22044604925031e-16 2.22044604925031e-16
CURTIS_H001531_T01_01_WG01 0.931923532287304 2.22044604925031e-16 0.616022181341928
CURTIS_H001532_T01_01_WG01 0.871140436408351 2.22044604925031e-16 0.676157202697274
CURTIS_H001533_T01_01_WG01 0.963707889489652 2.22044604925031e-16 0.584576711651878
CURTIS_H001534_T01_01_WG01 0.92219451952963 0.156285203016096 0.463626840564389
CURTIS_H001535_T01_01_WG01 0.973748031013899 2.22044604925031e-16 0.574643618968122
CURTIS_H001536_T01_01_WG01 0.93435143343552 2.22044604925031e-16 0.61362016668168
CURTIS_H001537_T01_01_WG01 0.628171745679456 0.506773381707394 0.391164179961647
CURTIS_H001538_T01_01_WG01 2.22044604925031e-16 2.22044604925031e-16 1.53800946588645
CURTIS_H001539_T01_01_WG01 0.414068386477723 2.22044604925031e-16 1.12835591166476
CURTIS_H001540_T01_01_WG01 2.22044604925031e-16 0.372866665970645 1.15145918493332
CURTIS_H001541_T01_01_WG01 0.671455478459249 0.842784257745171 2.22044604925031e-16
CURTIS_H001542_T01_01_WG01 2.22044604925031e-16 2.22044604925031e-16 1.53800946588645
CURTIS_H001543_T01_01_WG01 2.22044604925031e-16 2.22044604925031e-16 1.53800946588645
CURTIS_H001544_T01_01_WG01 0.551852142624593 2.22044604925031e-16 0.992041217612122
CURTIS_H001545_T01_01_WG01 0.70197106883603 0.813662740649069 2.22044604925031e-16
CURTIS_H001546_T01_01_WG01 2.22044604925031e-16 1.48356498503206 2.22044604925031e-16
CURTIS_H001547_T01_01_WG01 1.10244797213451 0.168365093262258 0.272772062509439
CURTIS_H001548_T01_01_WG01 0.167386679934779 1.021978018635 0.312924486668963
CURTIS_H001549_T01_01_WG01 0.136679852443045 1.35312921071254 2.22044604925031e-16
CURTIS_H001550_T01_01_WG01 0.495000697725268 1.01117788376997 2.22044604925031e-16
CURTIS_H001551_T01_01_WG01 2.22044604925031e-16 0.50281384010269 1.01674315570865
CURTIS_H001552_T01_01_WG01 2.22044604925031e-16 0.0798439859675355 1.45523533232902
CURTIS_H001553_T01_01_WG01 0.796144551579248 2.22044604925031e-16 0.750353475041518
CURTIS_H001554_T01_01_WG01 0.947175640553744 0.243171279441636 0.348837412810448
CURTIS_H001555_T01_01_WG01 1.24801188376637 0.00051672199831553 0.30276830579979
CURTIS_H001556_T01_01_WG01 0.188060881151663 1.30409547131971 2.22044604925031e-16
CURTIS_H001557_T01_01_WG01 2.22044604925031e-16 2.22044604925031e-16 1.53800946588645
CURTIS_H001558_T01_01_WG01 0.314134894529703 1.18378101924355 2.22044604925031e-16
CURTIS_H001559_T01_01_WG01 0.471757744788074 0.324130960493114 0.735255589768079
CURTIS_H001560_T01_01_WG01 0.308695768704293 2.22044604925031e-16 1.23260503765026
CURTIS_H001561_T01_01_WG01 0.0205538447932302 2.22044604925031e-16 1.51767476792969
CURTIS_H001562_T01_01_WG01 0.394351916044298 2.22044604925031e-16 1.14786216341816
CURTIS_H001563_T01_01_WG01 2.22044604925031e-16 2.22044604925031e-16 1.53800946588645
CURTIS_H001564_T01_01_WG01 2.22044604925031e-16 0.699826145049814 0.812500811785817
CURTIS_H001565_T01_01_WG01 0.569450612428532 2.22044604925031e-16 0.974630384185855
CURTIS_H001566_T01_01_WG01 0.606004475357234 2.22044604925031e-16 0.938466261644031
CURTIS_H001567_T01_01_WG01 1.36385384101156 2.22044604925031e-16 0.188697150203661
CURTIS_H001568_T01_01_WG01 2.22044604925031e-16 2.22044604925031e-16 1.53800946588645
CURTIS_H001569_T01_01_WG01 2.22044604925031e-16 0.440638433932302 1.08120030062658
CURTIS_H001570_T01_01_WG01 0.582407671876096 0.506492160026385 0.436731855399079
CURTIS_H001571_T01_01_WG01 0.266300942213829 0.584978794450486 0.668101258932766
CURTIS_H001572_T01_01_WG01 0.412389373737805 2.22044604925031e-16 1.13001702262844
CURTIS_H001573_T01_01_WG01 2.22044604925031e-16 0.494662494686779 1.0251936425669
CURTIS_H001574_T01_01_WG01 0.0799914995905149 0.354491992569529 1.09136955625426
CURTIS_H001575_T01_01_WG01 0.679453260754983 0.0519641227996894 0.811929469775157
CURTIS_H001576_T01_01_WG01 0.311847643068173 2.22044604925031e-16 1.22948676883818
CURTIS_H001577_T01_01_WG01 0.588141945530179 2.22044604925031e-16 0.956138339663052
CURTIS_H001578_T01_01_WG01 2.22044604925031e-16 2.22044604925031e-16 0.769004732943225
CURTIS_H001579_T01_01_WG01 1.05949599411683 0.00775383382900779 0.481771520693672
CURTIS_H001580_T01_01_WG01 0.0103090270309315 1.47372691527105 2.22044604925031e-16
CURTIS_H001581_T01_01_WG01 0.815003025076864 0.239537298753154 0.483368134664238
CURTIS_H001582_T01_01_WG01 0.0173337062158737 0.391380906358564 1.11511660853122
CURTIS_H001583_T01_01_WG01 0.558311066411203 0.0504139453268783 0.933387102294378
CURTIS_H001584_T01_01_WG01 2.22044604925031e-16 0.691370467037056 0.821266799764315
CURTIS_H001585_T01_01_WG01 0.538083181115905 0.97006357920919 2.22044604925031e-16
CURTIS_H001586_T01_01_WG01 1.12522139263311 2.22044604925031e-16 0.424785279177777
CURTIS_H001587_T01_01_WG01 2.22044604925031e-16 1.48356498503206 2.22044604925031e-16
CURTIS_H001588_T01_01_WG01 0.853326956034345 0.0172444908756209 0.675903417905189
CURTIS_H001589_T01_01_WG01 0.704137191595607 2.22044604925031e-16 0.841379844749365
CURTIS_H001590_T01_01_WG01 0.250411594888263 0.845162979138327 0.414088661279546
CURTIS_H001591_T01_01_WG01 1.04837128820391 0.483087458117711 2.22044604925031e-16
CURTIS_H001592_T01_01_WG01 2.22044604925031e-16 1.30827309516425 0.181724824075697
CURTIS_H001593_T01_01_WG01 0.0656452262517346 1.42091869325257 2.22044604925031e-16
CURTIS_H001594_T01_01_WG01 0.2327080370088 2.22044604925031e-16 1.30778258170548
CURTIS_H001595_T01_01_WG01 0.834633819477551 2.22044604925031e-16 0.712274582982032
CURTIS_H001596_T01_01_WG01 1.13418707196154 2.22044604925031e-16 0.415915192682776
CURTIS_H001597_T01_01_WG01 2.22044604925031e-16 1.48356498503206 2.22044604925031e-16
CURTIS_H001598_T01_01_WG01 2.22044604925031e-16 1.02208030237515 0.47842043823419
CURTIS_H001599_T01_01_WG01 2.22044604925031e-16 0.64866721531887 0.865537193059747
CURTIS_H001600_T01_01_WG01 0.288322365531071 1.20841432947108 2.22044604925031e-16
CURTIS_H001601_T01_01_WG01 2.22044604925031e-16 1.48356498503206 2.22044604925031e-16
CURTIS_H001602_T01_01_WG01 0.0936451057752984 1.39419795935339 2.22044604925031e-16
CURTIS_H001603_T01_01_WG01 0.730340619683056 2.22044604925031e-16 0.815455799834641
CURTIS_H001604_T01_01_WG01 0.882757050655264 0.00681997777750649 0.657594185636616
CURTIS_H001605_T01_01_WG01 2.22044604925031e-16 0.909981777972752 0.594632800606077
CURTIS_H001606_T01_01_WG01 2.22044604925031e-16 1.48356498503206 2.22044604925031e-16
CURTIS_H001607_T01_01_WG01 2.22044604925031e-16 1.48356498503206 2.22044604925031e-16
CURTIS_H001608_T01_01_WG01 0.183489713536426 1.30845780985594 2.22044604925031e-16
CURTIS_H001609_T01_01_WG01 0.0234577845426536 1.46117884518811 2.22044604925031e-16
CURTIS_H001610_T01_01_WG01 0.315456625425876 0.624726400295363 0.578263397875748
CURTIS_H001611_T01_01_WG01 2.22044604925031e-16 0.490571173103042 1.02943510916072
CURTIS_H001612_T01_01_WG01 0.786151629878372 0.362772700807337 0.384153968078397
CURTIS_H001614_T01_01_WG01 0.279881384559743 0.785655165969157 0.446624736491505
CURTIS_H001615_T01_01_WG01 2.22044604925031e-16 2.22044604925031e-16 1.53800946588645
CURTIS_H001616_T01_01_WG01 1.03503598865777 0.235636824007625 0.269724797182715
CURTIS_H001617_T01_01_WG01 2.22044604925031e-16 1.23460657996511 0.258094783489851
CURTIS_H001618_T01_01_WG01 0.360131180093881 0.663251747381261 0.494126000906135
CURTIS_H001619_T01_01_WG01 0.437462563881047 1.06608744729909 2.22044604925031e-16
CURTIS_H001620_T01_01_WG01 0.507171924643038 0.999562686803763 2.22044604925031e-16
CURTIS_H001621_T01_01_WG01 0.0549369962020455 0.598138376332858 0.86356910696919
CURTIS_H001622_T01_01_WG01 2.22044604925031e-16 1.17909624559571 0.315642259047732
CURTIS_H001623_T01_01_WG01 2.22044604925031e-16 1.48356498503206 2.22044604925031e-16
CURTIS_H001624_T01_01_WG01 2.22044604925031e-16 2.22044604925031e-16 1.53800946588645
CURTIS_H001625_T01_01_WG01 0.267517858454148 2.22044604925031e-16 1.27334390552879
CURTIS_H001626_T01_01_WG01 0.680284884396082 2.22044604925031e-16 0.864977836626484
CURTIS_H001627_T01_01_WG01 0.618585951175962 0.457516233576653 0.451712577217836
CURTIS_H001628_T01_01_WG01 2.22044604925031e-16 1.48356498503206 2.22044604925031e-16
CURTIS_H001629_T01_01_WG01 0.523432761993747 0.0277181536795335 0.991422222459411
CURTIS_H001630_T01_01_WG01 0.498234299485498 1.00809200577188 2.22044604925031e-16
CURTIS_H001631_T01_01_WG01 1.41966028443086 2.22044604925031e-16 0.133485719817355
CURTIS_H001632_T01_01_WG01 8.56913819438288e-13 1.48356498503125 2.22044604925031e-16
CURTIS_H001633_T01_01_WG01 0.314427962649262 2.22044604925031e-16 1.22693396084331
CURTIS_H001634_T01_01_WG01 0.842872565912532 2.22044604925031e-16 0.704123678760313
CURTIS_H001635_T01_01_WG01 1.12160869015129 0.254429436583675 0.164592869537441
CURTIS_H001636_T01_01_WG01 0.290685203263232 0.928605421885438 0.287739805542049
CURTIS_H001637_T01_01_WG01 1.16693805246239 0.369937294226077 2.22044604925031e-16
CURTIS_H001638_T01_01_WG01 0.882795849915417 0.282461398476983 0.37179877660155
CURTIS_H001639_T01_01_WG01 0.0964387131749468 1.39153197502721 2.22044604925031e-16
CURTIS_H001640_T01_01_WG01 0.877029392820247 0.459849336145613 0.193605957737253
CURTIS_H001641_T01_01_WG01 0.941415122410627 2.22044604925031e-16 0.606631791357535
CURTIS_H001642_T01_01_WG01 2.22044604925031e-16 2.22044604925031e-16 1.53800946588645
CURTIS_H001643_T01_01_WG01 2.22044604925031e-16 0.895080174572241 0.610081269205771
CURTIS_H001644_T01_01_WG01 2.22044604925031e-16 0.834122469029971 0.673276025814766
CURTIS_H001645_T01_01_WG01 2.22044604925031e-16 0.904757475873021 0.600048826303033
CURTIS_H001646_T01_01_WG01 1.0296175076994 2.22044604925031e-16 0.519369827381642
CURTIS_H001647_T01_01_WG01 0.560381843158671 0.623104358764523 0.337631161469061
CURTIS_H001648_T01_01_WG01 0.878449274985771 0.645246759374472 2.22044604925031e-16
CURTIS_H001649_T01_01_WG01 0.473379871605614 1.03181098474233 2.22044604925031e-16
CURTIS_H001650_T01_01_WG01 1.01402942415181 0.23693794268646 0.289158520246473
CURTIS_H001651_T01_01_WG01 0.645758624230003 2.22044604925031e-16 0.899135974878311
CURTIS_H001652_T01_01_WG01 0.0419362346509573 1.01498864642093 0.444283239748741
CURTIS_H001653_T01_01_WG01 1.22069300946987 2.22044604925031e-16 0.330331588817208
CURTIS_H001654_T01_01_WG01 0.980912247808446 2.22044604925031e-16 0.567555787660675
CURTIS_H001655_T01_01_WG01 0.0336646454152853 0.912538610801221 0.558676425959359
CURTIS_H001656_T01_01_WG01 0.4378976089607 2.22044604925031e-16 1.10478075837298
CURTIS_H001657_T01_01_WG01 2.91280023419715e-06 1.48356220530011 2.22044604925031e-16
CURTIS_H001658_T01_01_WG01 0.452602297370471 0.70744334604856 0.356827458309037
CURTIS_H001659_T01_01_WG01 0.534487055226843 2.22044604925031e-16 1.00922115697521
CURTIS_H001660_T01_01_WG01 2.22044604925031e-16 1.48356498503206 2.22044604925031e-16
CURTIS_H001661_T01_01_WG01 0.366716337940378 2.22044604925031e-16 1.17520308864441
CURTIS_H001662_T01_01_WG01 0.940060194800088 0.142274906226539 0.460476103089378
CURTIS_H001663_T01_01_WG01 0.495252951242324 2.22044604925031e-16 1.04803694361539
CURTIS_H001664_T01_01_WG01 1.14280631428513 0.247753945239665 0.150541727553777
CURTIS_H001665_T01_01_WG01 0.612314983483212 0.0134799705278425 0.9182483726345
CURTIS_H001666_T01_01_WG01 2.22044604925031e-16 1.48356498503206 2.22044604925031e-16
CURTIS_H001667_T01_01_WG01 0.462197372602906 2.22044604925031e-16 1.08074008087172
CURTIS_H001668_T01_01_WG01 0.170975608596491 0.823312016849377 0.515330552280284
CURTIS_H001669_T01_01_WG01 0.188241037500246 2.22044604925031e-16 1.35177547029378
CURTIS_H001670_T01_01_WG01 0.596707653829691 0.517664093697904 0.411002415156106
CURTIS_H001671_T01_01_WG01 0.826849815558588 2.22044604925031e-16 0.719975593191007
CURTIS_H001672_T01_01_WG01 2.22044604925031e-16 0.16038540378725 0.602733439333879
CURTIS_H001673_T01_01_WG01 1.23546899060969 2.22044604925031e-16 0.315713150441527
CURTIS_H001674_T01_01_WG01 0.107017568200796 0.671546957775551 0.735941262548209
CURTIS_H001675_T01_01_WG01 1.12941739737203 2.22044604925031e-16 0.420634012597274
CURTIS_H001676_T01_01_WG01 0.829192725318247 0.439975918856184 0.261535326802198
CURTIS_H001677_T01_01_WG01 2.22044604925031e-16 0.653320239938426 0.860713409819994
CURTIS_H001678_T01_01_WG01 0.699759453681038 0.815773320446178 2.22044604925031e-16
CURTIS_H001679_T01_01_WG01 0.391648913247881 0.0581283773969241 1.09027474995926
CURTIS_H001680_T01_01_WG01 1.06713033737813 2.22044604925031e-16 0.482256962674613
CURTIS_H001681_T01_01_WG01 1.15151973389786 0.232364770831864 0.157875143849271
CURTIS_H001682_T01_01_WG01 0.977194127239319 0.359888183145449 0.198138756910648
CURTIS_H001683_T01_01_WG01 0.321449412095163 1.17680065787082 2.22044604925031e-16
CURTIS_H001684_T01_01_WG01 0.704221888384684 0.514668272250038 0.307740269830095
CURTIS_H001685_T01_01_WG01 0.304506257647349 2.22044604925031e-16 0.467745146841755
CURTIS_H001686_T01_01_WG01 0.00401180081431783 1.47973645920124 2.22044604925031e-16
CURTIS_H001687_T01_01_WG01 0.564406255311644 0.944943047515448 2.22044604925031e-16
CURTIS_H001688_T01_01_WG01 1.37748889366175 2.22044604925031e-16 0.175207475641291
CURTIS_H001689_T01_01_WG01 1.139348442839 0.197117886664719 0.206457052457458
CURTIS_H001690_T01_01_WG01 1.17368921598409 2.22044604925031e-16 0.376834223870188
CURTIS_H001691_T01_01_WG01 0.500400119710721 0.314947716927568 0.716438856308756
CURTIS_H001692_T01_01_WG01 0.174479335227137 1.31705655832308 2.22044604925031e-16
CURTIS_H001693_T01_01_WG01 0.883906079089848 0.521047306831844 0.123358752177416
CURTIS_H001694_T01_01_WG01 2.22044604925031e-16 1.48356498503206 2.22044604925031e-16
CURTIS_H001695_T01_01_WG01 0.483875160828737 1.02179516198531 2.22044604925031e-16
CURTIS_H001696_T01_01_WG01 2.22044604925031e-16 1.48356498503206 2.22044604925031e-16
CURTIS_H001697_T01_01_WG01 0.56807750300543 2.22044604925031e-16 0.975988853399826
CURTIS_H001698_T01_01_WG01 1.54842384310717 0.00587928849745988 6.86322987759841e-11
CURTIS_H001699_T01_01_WG01 0.953671037352416 0.180075097311928 0.407822982377246
CURTIS_H001700_T01_01_WG01 1.26111455002532 2.22044604925031e-16 0.290341026155528
CURTIS_H001701_T01_01_WG01 0.576395846462864 0.267842117400904 0.690087702723768
CURTIS_H001702_T01_01_WG01 0.175620367712466 1.11122752991387 0.212253760445544
CURTIS_H001703_T01_01_WG01 0.0599987723408164 1.42630719473882 2.22044604925031e-16
CURTIS_H001704_T01_01_WG01 0.410843728315648 0.366491860409774 0.751604658104396
CURTIS_H001705_T01_01_WG01 0.561000336731123 2.22044604925031e-16 0.982990562327065
CURTIS_H001706_T01_01_WG01 0.296538000016592 1.2005740177756 2.22044604925031e-16
CURTIS_H001707_T01_01_WG01 0.47413763133599 1.03108784248389 2.22044604925031e-16
CURTIS_H001708_T01_01_WG01 0.82087947082023 2.22044604925031e-16 0.725882281607388
CURTIS_H001709_T01_01_WG01 0.292029983855618 2.22044604925031e-16 1.24909313048736
CURTIS_H001710_T01_01_WG01 0.611535929381119 0.899966444008793 2.22044604925031e-16
CURTIS_H001711_T01_01_WG01 2.22044604925031e-16 2.22044604925031e-16 1.53800946588645
CURTIS_H001712_T01_01_WG01 1.23365301039631 2.22044604925031e-16 0.317509768519855
CURTIS_H001713_T01_01_WG01 0.30665817775241 2.22044604925031e-16 1.23462090363459
CURTIS_H001714_T01_01_WG01 0.0520212947164275 1.43392022952379 2.22044604925031e-16
CURTIS_H001715_T01_01_WG01 0.83997699338797 2.22044604925031e-16 0.70698837844503
CURTIS_H001716_T01_01_WG01 0.773441112335011 0.745457732392095 2.22044604925031e-16
CURTIS_H001717_T01_01_WG01 1.00679177756441 2.22044604925031e-16 0.541952187645952
CURTIS_H001721_T01_01_WG01 0.917787935953478 0.427690883135517 0.18662060285493
CURTIS_H001722_T01_01_WG01 1.27522289685262 0.0115015012730713 0.264459515599303
CURTIS_H001723_T01_01_WG01 0.593419548637203 2.22044604925031e-16 0.950917006807976
CURTIS_H001724_T01_01_WG01 0.466008204537457 2.22044604925031e-16 1.07696988035048
CURTIS_H001725_T01_01_WG01 2.22044604925031e-16 2.22044604925031e-16 1.53800946588645
CURTIS_H001726_T01_01_WG01 2.22044604925031e-16 2.22044604925031e-16 1.53800946588645
CURTIS_H001727_T01_01_WG01 0.773327442619811 0.305387587290975 0.456332478889386
CURTIS_H001728_T01_01_WG01 0.576184455029075 0.933702922707198 2.22044604925031e-16
CURTIS_H001729_T01_01_WG01 0.935798672726675 2.22044604925031e-16 0.612188357978595
CURTIS_H001730_T01_01_WG01 0.660113756141203 0.853607845173961 2.22044604925031e-16
CURTIS_H001731_T01_01_WG01 0.572313330395067 0.287967409312372 0.67326283246885
CURTIS_H001732_T01_01_WG01 0.383946114002726 0.563875877107922 0.57358779086689
CURTIS_H001733_T01_01_WG01 0.00442062039730644 1.12859847961654 0.363619725541625
CURTIS_H001734_T01_01_WG01 2.22044604925031e-16 2.22044604925031e-16 1.53800946588645
CURTIS_H001735_T01_01_WG01 2.22044604925031e-16 2.22044604925031e-16 1.53800946588645
CURTIS_H001736_T01_01_WG01 0.420396610312081 2.22044604925031e-16 1.12209515988966
CURTIS_H001737_T01_01_WG01 2.22044604925031e-16 2.22044604925031e-16 1.53800946588645
CURTIS_H001738_T01_01_WG01 1.01673477652254 2.22044604925031e-16 0.532115201786034
CURTIS_H001739_T01_01_WG01 0.0615319559976924 2.22044604925031e-16 1.47713356882247
CURTIS_H001740_T01_01_WG01 2.22044604925031e-16 2.22044604925031e-16 0.769004732943225
CURTIS_H001741_T01_01_WG01 0.805600238573102 2.22044604925031e-16 0.74099860538438
CURTIS_H001742_T01_01_WG01 0.790206676988468 0.549144258681154 0.186931057908028
CURTIS_H001743_T01_01_WG01 0.995952809227509 0.33768102103496 0.202602211302831
CURTIS_H001744_T01_01_WG01 1.11275644576019 2.22044604925031e-16 0.437117323729922
CURTIS_H001745_T01_01_WG01 0.355647928370914 0.84058288022378 0.314722547787243
CURTIS_H001746_T01_01_WG01 0.71481577041953 0.801404836012792 2.22044604925031e-16
CURTIS_H001747_T01_01_WG01 0.550229604308066 0.958472052835964 2.22044604925031e-16
CURTIS_H001748_T01_01_WG01 2.22044604925031e-16 2.22044604925031e-16 0.769004732943225
CURTIS_H001750_T01_01_WG01 2.22044604925031e-16 2.22044604925031e-16 0.769004732943225
CURTIS_H001751_T01_01_WG01 0.777292289257705 2.22044604925031e-16 2.22044604925031e-16
CURTIS_H001752_T01_01_WG01 0.696556776642133 2.22044604925031e-16 0.848879436675668
CURTIS_H001753_T01_01_WG01 0.575252758686372 0.385608840564182 0.569130027768347
CURTIS_H002029_T01_01_WG01 2.22044604925031e-16 1.18804974050425 0.3063601850833
CURTIS_H002030_T01_01_WG01 0.579762091348646 0.132484504943281 0.827082371078073
CURTIS_H002031_T01_01_WG01 2.22044604925031e-16 0.283622717726718 0.474973511523756
CURTIS_H002032_T01_01_WG01 2.22044604925031e-16 1.14545047283302 0.350522778282252
CURTIS_H002033_T01_01_WG01 2.22044604925031e-16 1.25425970978398 0.237720414991886
CURTIS_H002034_T01_01_WG01 0.429238163912071 0.823347655891737 0.259784667295477
CURTIS_H002035_T01_01_WG01 0.804147230298661 0.71615439176547 2.22044604925031e-16
CURTIS_H002036_T01_01_WG01 0.740153987426731 2.22044604925031e-16 0.805747063050174
CURTIS_H002037_T01_01_WG01 2.22044604925031e-16 1.48356498503206 2.22044604925031e-16
CURTIS_H002038_T01_01_WG01 0.474957223846636 1.03030569221198 2.22044604925031e-16
CURTIS_H002039_T01_01_WG01 2.22044604925031e-16 1.24427697154437 0.248069503884447
CURTIS_H002040_T01_01_WG01 2.22044604925031e-16 0.590452305700559 0.925888497486598
CURTIS_H002041_T01_01_WG01 0.447327858932435 1.05667283807948 1.9933081735929e-13
CURTIS_H002042_T01_01_WG01 0.250334015036432 1.0575000182396 0.19403594246502
CURTIS_H002043_T01_01_WG01 0.0145089536041889 1.11775838826882 0.364876860498342
CURTIS_H002044_T01_01_WG01 0.128122907348265 0.72975661046696 0.654715095737715
CURTIS_H002045_T01_01_WG01 2.22044604925031e-16 1.09453290803479 0.403308936913428
CURTIS_H002046_T01_01_WG01 0.188403246422881 1.30376874665288 2.22044604925031e-16
CURTIS_H002047_T01_01_WG01 0.403979786508769 0.205603545189251 0.925188077075771
CURTIS_H002048_T01_01_WG01 0.247449921753662 1.24741955779951 2.22044604925031e-16
CURTIS_H002049_T01_01_WG01 0.584680813496498 0.925594711615469 2.22044604925031e-16
CURTIS_H002050_T01_01_WG01 8.28210140544152e-12 1.48356498502416 2.22044604925031e-16
CURTIS_H002051_T01_01_WG01 0.463341120682258 1.04139112568106 2.22044604925031e-16
CURTIS_H002052_T01_01_WG01 2.22044604925031e-16 1.02577335738949 0.474591853960901
CURTIS_H002053_T01_01_WG01 0.344079202581759 0.705217343013987 0.466501164470431
CURTIS_H002054_T01_01_WG01 0.0181555771158494 0.595668307232586 0.902519076162243
CURTIS_H002055_T01_01_WG01 0.0804928258325956 0.975412333159922 0.447166443371126
CURTIS_H002056_T01_01_WG01 2.22044604925031e-16 1.48356498503206 2.22044604925031e-16
CURTIS_H002057_T01_01_WG01 2.22044604925031e-16 0.489575910336624 1.0304668964914
CURTIS_H002058_T01_01_WG01 2.22044604925031e-16 1.33368085590031 0.155384638837243
CURTIS_H002059_T01_01_WG01 0.0274031767049054 0.805998811587466 0.675320775148593
CURTIS_H002060_T01_01_WG01 2.22044604925031e-16 1.10043033387482 0.397195084903012
CURTIS_H002061_T01_01_WG01 2.22044604925031e-16 1.09549478096012 0.402311764778021
CURTIS_H002062_T01_01_WG01 2.22044604925031e-16 1.48356498503206 2.22044604925031e-16
CURTIS_H002063_T01_01_WG01 0.0972366480004311 1.14484758796873 0.254947885452135
CURTIS_H002064_T01_01_WG01 0.777292289257705 2.22044604925031e-16 0.769004732943225
CURTIS_H002065_T01_01_WG01 2.22044604925031e-16 0.80356414111456 0.704955795875225
CURTIS_H002066_T01_01_WG01 0.0787137821574995 1.40844716084792 2.22044604925031e-16
CURTIS_H002067_T01_01_WG01 2.22044604925031e-16 1.48356498503206 2.22044604925031e-16
CURTIS_H002068_T01_01_WG01 2.22044604925031e-16 0.927439109969373 0.576534812226186
CURTIS_H002069_T01_01_WG01 0.256957139821431 0.535986311128171 0.728135866631342
CURTIS_H002070_T01_01_WG01 0.997478848770888 2.22044604925031e-16 0.551165821202798
CURTIS_H002071_T01_01_WG01 0.254191043906831 2.22044604925031e-16 1.28652862844909
CURTIS_H002072_T01_01_WG01 2.22044604925031e-16 0.40575308663736 0.348361151868536
CURTIS_H002076_T01_01_WG01 2.22044604925031e-16 2.22044604925031e-16 1.53800946588645
CURTIS_H002077_T01_01_WG01 0.50305476585625 0.822793306105973 0.187329797765285
CURTIS_H002078_T01_01_WG01 0.00231863389026697 2.22044604925031e-16 1.53571555346738
CURTIS_H002079_T01_01_WG01 0.373550572489943 1.12707968526536 2.22044604925031e-16
CURTIS_H002080_T01_01_WG01 1.10133966048455 2.22044604925031e-16 0.448412382272633
CURTIS_H002082_T01_01_WG01 2.22044604925031e-16 0.34094075091855 1.18455673040831
CURTIS_H002083_T01_01_WG01 0.413844128538579 0.821359190732646 0.27707600883333
CURTIS_H002084_T01_01_WG01 1.42704457986307 2.22044604925031e-16 0.126180156369343
CURTIS_H002085_T01_01_WG01 0.0588877309186481 2.22044604925031e-16 1.47974960094945
CURTIS_H002086_T01_01_WG01 2.22044604925031e-16 0.701585473349031 0.810676918929691
CURTIS_H002087_T01_01_WG01 2.22044604925031e-16 1.48356498503206 2.22044604925031e-16
CURTIS_H002088_T01_01_WG01 2.22044604925031e-16 1.48356498503206 2.22044604925031e-16
CURTIS_H002089_T01_01_WG01 2.22044604925031e-16 2.22044604925031e-16 1.53800946588645
CURTIS_H002090_T01_01_WG01 0.0663984246907637 1.19282675832032 0.235717379238381
CURTIS_H002091_T01_01_WG01 0.10162037649827 0.760146071893144 0.64943034791693
CURTIS_H002092_T01_01_WG01 0.134459541384496 1.35524808914982 2.22044604925031e-16
CURTIS_H002093_T01_01_WG01 0.00712020458172601 1.47677005965476 2.22044604925031e-16
CURTIS_H002094_T01_01_WG01 0.784652972442653 2.22044604925031e-16 0.761722529986694
CURTIS_H002095_T01_01_WG01 2.22044604925031e-16 1.48356498503206 2.22044604925031e-16
CURTIS_H002096_T01_01_WG01 0.0770767047492352 1.41000945006283 2.22044604925031e-16
CURTIS_H002097_T01_01_WG01 0.252300176337025 1.24279088209553 2.22044604925031e-16
CURTIS_H002098_T01_01_WG01 0.267823348629176 0.519752979895712 0.734214582993439
CURTIS_H002099_T01_01_WG01 2.22044604925031e-16 1.12225037207332 0.374574285926295
CURTIS_H003223_T01_01_WG01 0.678661306955309 0.835907620093773 2.22044604925031e-16
CURTIS_H004015_T01_01_WG01 1.11028209407114 2.22044604925031e-16 0.439565293671396
CURTIS_H004016_T01_01_WG01 0.675837854574457 2.22044604925031e-16 0.869377451838974
CURTIS_H004018_T01_01_WG01 0.672207864741932 0.842066243454001 2.22044604925031e-16
CURTIS_H004047_T01_01_WG01 0.661844997051554 2.22044604925031e-16 0.883221116328157
CURTIS_H004056_T02_01_WG01 2.22044604925031e-16 1.48356498503206 2.22044604925031e-16
CURTIS_H004066_T01_01_WG01 0.242716824154583 0.707805486493589 0.564099684383238
CURTIS_H004098_T01_01_WG01 2.22044604925031e-16 1.48356498503206 2.22044604925031e-16
CURTIS_H004115_T01_01_WG01 0.791648172547418 0.72808244295156 2.22044604925031e-16
CURTIS_H004118_T01_01_WG01 1.43045188917222 0.118461815428073 2.22044604925031e-16
CURTIS_H004127_T01_01_WG01 1.07915198641114 2.22044604925031e-16 0.470363489483214
CURTIS_H004158_T01_01_WG01 0.906464494168265 0.275933585438911 0.355149862859536
CURTIS_H004176_T01_01_WG01 0.381788432254848 0.396586797376815 0.749150790734672
CURTIS_H004179_T01_01_WG01 0.843441980374636 2.22044604925031e-16 0.7035603354435
CURTIS_H004182_T01_01_WG01 1.14830612704327 2.22044604925031e-16 0.401946676163844
CURTIS_H004188_T01_01_WG01 1.25597125719891 0.163660009298993 0.125763408810317
CURTIS_H004195_T01_01_WG01 0.179151035248252 0.757606350425874 0.575359252841471
CURTIS_H004210_T01_01_WG01 1.5287581472883 2.22044604925031e-16 0.0255510676268902
CURTIS_H004211_T01_01_WG01 0.553562840285879 0.435007917847112 0.539376741385636
CURTIS_H004218_T01_01_WG01 1.51118168832139 2.22044604925031e-16 0.0429401248975348
CURTIS_H004221_T01_01_WG01 0.559929072724603 0.505759161627619 0.459730684096775
CURTIS_H004251_T01_01_WG01 0.552489636070042 2.22044604925031e-16 0.991410521175857
CURTIS_H004254_T01_01_WG01 0.333855755408278 2.22044604925031e-16 1.20771330885847
CURTIS_H004265_T01_01_WG01 1.16323266566282 2.22044604925031e-16 0.387179285565057
CURTIS_H004270_T01_01_WG01 1.32908650905913 2.22044604925031e-16 0.223093789914008
CURTIS_H004271_T02_01_WG01 0.410601156218016 0.681690593280471 0.425078617662816
CURTIS_H004281_T01_01_WG01 1.38448971864452 2.22044604925031e-16 0.168281294048272
CURTIS_H004287_T01_01_WG01 0.82905309996374 2.22044604925031e-16 0.717795800391056
CURTIS_H004289_T01_01_WG01 0.489831795300774 0.333587382329078 0.707570788802855
CURTIS_H004297_T01_01_WG01 0.988416613811394 2.22044604925031e-16 0.560131433844538
CURTIS_H004303_T01_01_WG01 0.463178632073043 1.04154619116571 2.22044604925031e-16
CURTIS_H004304_T01_01_WG01 0.723464201130802 2.22044604925031e-16 0.822258901429064
CURTIS_H004324_T01_01_WG01 0.612366005321656 0.548303360562775 0.363747334994888
CURTIS_H004333_T01_01_WG01 0.0292935763392048 1.45560965552229 2.22044604925031e-16
CURTIS_H004369_T01_01_WG01 0.861928107918318 2.22044604925031e-16 0.6852713085596
CURTIS_H004370_T01_01_WG01 0.301415188244514 0.541144176653603 0.678804682685478
CURTIS_H004379_T01_01_WG01 0.296444271150454 0.369401798223322 0.861767650640586
CURTIS_H004381_T01_01_WG01 0.817337238507396 2.22044604925031e-16 0.729386746338865
CURTIS_H004386_T01_01_WG01 2.22044604925031e-16 2.22044604925031e-16 1.53800946588645
CURTIS_H004389_T01_01_WG01 0.540805064871262 0.663667996239734 0.314946951881109
CURTIS_H004419_T01_01_WG01 0.00635012275714216 1.30157054307252 0.182390931983989
CURTIS_H004443_T01_01_WG01 0.472380379392621 1.03276481618419 2.22044604925031e-16
CURTIS_H004458_T01_01_WG01 0.820050224186518 0.0418118224347412 0.683356436771367
CURTIS_H004463_T01_01_WG01 0.179036133682113 0.884680794425577 0.443735054862492
CURTIS_H004470_T01_01_WG01 0.105265269129042 1.38310865118051 2.22044604925031e-16
CURTIS_H004482_T01_01_WG01 0.579117985954518 0.400832390269365 0.549523782058278
CURTIS_H004504_T01_01_WG01 1.27407082898152 2.22044604925031e-16 0.277522888144448
CURTIS_H004510_T01_01_WG01 0.184147791653117 1.30782979535944 2.22044604925031e-16
CURTIS_H004514_T01_01_WG01 1.45092226164384 0.0226462169771236 0.079079763251376
CURTIS_H004521_T01_01_WG01 0.7843916099022 2.22044604925031e-16 0.761981105857574
CURTIS_H004529_T01_01_WG01 0.479383400217274 1.02608172114485 2.22044604925031e-16
CURTIS_H004536_T01_01_WG01 0.271818114272199 0.724281158590642 0.518228371569404
CURTIS_H004559_T01_01_WG01 1.55458455323596 2.22044604925031e-16 2.50099234581764e-08
CURTIS_H004568_T01_01_WG01 0.0140039822926061 0.911131093393955 0.579586636486982
CURTIS_H004574_T01_01_WG01 0.397394487061216 0.362776254577617 0.768762465078205
CURTIS_H004598_T01_01_WG01 0.298957997387558 1.19826457548919 2.22044604925031e-16
CURTIS_H004610_T01_01_WG01 0.584755242381844 0.925523682937003 2.22044604925031e-16
CURTIS_H004622_T01_01_WG01 0.0488727179494705 1.07027814645244 0.380102176873271
CURTIS_H004650_T01_01_WG01 1.05752783741353 2.22044604925031e-16 0.491757079970152
CURTIS_H004652_T01_01_WG01 0.221251054072589 2.22044604925031e-16 1.3191174093179
CURTIS_H004656_T01_01_WG01 1.02633287926385 2.22044604925031e-16 0.522619434830218
CURTIS_H004668_T01_01_WG01 1.06973889579741 2.22044604925031e-16 0.479676216926447
CURTIS_H004708_T01_01_WG01 0.280052155979375 0.807274793240055 0.42404275256516
