LF1 LF3 LF2
CURTIS_H000508_T01_01_WG01 0.395342486055809 1.4698224350795 2.22044604925031e-16
CURTIS_H000525_T01_01_WG01 0.199944638675675 2.22044604925031e-16 1.09465841797588
CURTIS_H003221_T01_01_WG01 0.393679901691603 1.47255625080046 2.22044604925031e-16
CURTIS_H003222_T01_01_WG01 0.383315345721953 2.22044604925031e-16 0.910381974662793
CURTIS_H003224_T01_01_WG01 0.390138455049694 1.47837951169057 2.22044604925031e-16
CURTIS_H004004_T01_01_WG01 1.28922270628715 2.22044604925031e-16 2.22044604925031e-16
CURTIS_H004005_T01_01_WG01 1.28922270628715 2.22044604925031e-16 2.22044604925031e-16
CURTIS_H004006_T01_01_WG01 1.28922270628715 2.22044604925031e-16 2.22044604925031e-16
CURTIS_H004007_T01_01_WG01 1.28922270628715 2.22044604925031e-16 2.22044604925031e-16
CURTIS_H004008_T02_01_WG01 1.28922270628715 2.22044604925031e-16 2.22044604925031e-16
CURTIS_H004009_T01_01_WG01 1.28922270628715 2.22044604925031e-16 2.22044604925031e-16
CURTIS_H004010_T01_01_WG01 0.618536680398199 2.22044604925031e-16 0.673998794144449
CURTIS_H004011_T01_01_WG01 2.22044604925031e-16 2.22044604925031e-16 1.29559065774401
CURTIS_H004012_T01_01_WG01 1.28922270628715 2.22044604925031e-16 2.22044604925031e-16
CURTIS_H004013_T01_01_WG01 0.807441161288297 2.22044604925031e-16 0.484161243616013
CURTIS_H004014_T01_01_WG01 0.724630541789512 0.928368489722206 2.22044604925031e-16
CURTIS_H004017_T01_01_WG01 1.28922270628715 2.22044604925031e-16 2.22044604925031e-16
CURTIS_H004019_T01_01_WG01 1.28922270628715 2.22044604925031e-16 2.22044604925031e-16
CURTIS_H004020_T01_01_WG01 0.322793569661029 2.22044604925031e-16 0.971202690332955
CURTIS_H004021_T01_01_WG01 0.29946994402227 2.22044604925031e-16 0.994641520051771
CURTIS_H004022_T01_01_WG01 0.915002113916602 0.615337278849975 2.22044604925031e-16
CURTIS_H004023_T01_01_WG01 2.22044604925031e-16 2.22044604925031e-16 1.29559065774401
CURTIS_H004024_T01_01_WG01 1.28922270628715 2.22044604925031e-16 2.22044604925031e-16
CURTIS_H004025_T01_01_WG01 1.28922270628715 2.22044604925031e-16 2.22044604925031e-16
CURTIS_H004026_T01_01_WG01 1.00230494266221 0.471783754080194 2.22044604925031e-16
CURTIS_H004027_T01_01_WG01 0.583540609671077 1.16036506252684 2.22044604925031e-16
CURTIS_H004028_T01_01_WG01 2.22044604925031e-16 2.22044604925031e-16 1.29559065774401
CURTIS_H004029_T01_01_WG01 1.28922270628715 2.22044604925031e-16 2.22044604925031e-16
CURTIS_H004030_T01_01_WG01 0.301795762479323 2.22044604925031e-16 0.992304213510494
CURTIS_H004031_T01_01_WG01 2.22044604925031e-16 0.882507952283009 0.756237849123818
CURTIS_H004032_T01_01_WG01 1.28922270628715 2.22044604925031e-16 2.22044604925031e-16
CURTIS_H004033_T01_01_WG01 0.566273174283467 2.22044604925031e-16 0.726520449195188
CURTIS_H004034_T01_01_WG01 2.22044604925031e-16 0.479574462209326 1.0024943378004
CURTIS_H004035_T01_01_WG01 2.22044604925031e-16 2.22044604925031e-16 1.29559065774401
CURTIS_H004036_T01_01_WG01 0.379072546874815 2.22044604925031e-16 0.914645730274784
CURTIS_H004037_T01_01_WG01 1.28922270628715 2.22044604925031e-16 2.22044604925031e-16
CURTIS_H004038_T01_01_WG01 2.22044604925031e-16 2.22044604925031e-16 1.29559065774401
CURTIS_H004039_T01_01_WG01 1.28922270628715 2.22044604925031e-16 2.22044604925031e-16
CURTIS_H004040_T01_01_WG01 0.372141403450064 1.50797236944457 2.22044604925031e-16
CURTIS_H004041_T01_01_WG01 1.0394376533765 0.410725806887831 2.22044604925031e-16
CURTIS_H004042_T01_01_WG01 1.28922270628715 2.22044604925031e-16 2.22044604925031e-16
CURTIS_H004043_T01_01_WG01 2.22044604925031e-16 2.11989080262269 2.22044604925031e-16
CURTIS_H004044_T01_01_WG01 1.28922270628715 2.22044604925031e-16 2.22044604925031e-16
CURTIS_H004045_T01_01_WG01 0.668427257778301 2.22044604925031e-16 0.623861788607783
CURTIS_H004046_T01_01_WG01 1.28922270628715 2.22044604925031e-16 2.22044604925031e-16
CURTIS_H004048_T01_01_WG01 0.238143776146884 1.72830694492791 2.22044604925031e-16
CURTIS_H004049_T01_01_WG01 0.431504619745494 2.22044604925031e-16 0.861954675854063
CURTIS_H004050_T01_01_WG01 0.781031317947862 0.835627735114183 2.22044604925031e-16
CURTIS_H004051_T01_01_WG01 0.640735706999371 1.06631819212184 2.22044604925031e-16
CURTIS_H004052_T01_01_WG01 2.22044604925031e-16 0.941463463611097 0.720206649023938
CURTIS_H004053_T01_01_WG01 2.22044604925031e-16 0.528366610185809 0.972674570191908
CURTIS_H004054_T01_01_WG01 1.28922270628715 2.22044604925031e-16 2.22044604925031e-16
CURTIS_H004055_T01_01_WG01 0.187908533371924 1.81090960822792 2.22044604925031e-16
CURTIS_H004056_T01_01_WG01 0.207476250578676 1.77873407832713 2.22044604925031e-16
CURTIS_H004057_T01_01_WG01 0.450968198425888 1.0094131770587 0.225482861575904
CURTIS_H004058_T02_01_WG01 0.83014608507219 0.754867488965815 2.22044604925031e-16
CURTIS_H004059_T01_01_WG01 0.525707953243455 2.22044604925031e-16 0.767286036981116
CURTIS_H004060_T01_01_WG01 0.781343110486747 0.835115049344469 2.22044604925031e-16
CURTIS_H004061_T01_01_WG01 2.22044604925031e-16 2.22044604925031e-16 1.29559065774401
CURTIS_H004062_T01_01_WG01 0.398450340434519 1.46471213731544 2.22044604925031e-16
CURTIS_H004063_T01_01_WG01 0.478732583912163 2.22044604925031e-16 0.814493435169883
CURTIS_H004064_T01_01_WG01 0.844846831455915 0.73069480188966 2.22044604925031e-16
CURTIS_H004065_T01_01_WG01 0.0113284975448636 0.399297868651677 1.04017165914328
CURTIS_H004067_T01_01_WG01 2.22044604925031e-16 0.331712476735398 1.0928615429312
CURTIS_H004068_T01_01_WG01 0.42044180083361 1.42855120529886 2.22044604925031e-16
CURTIS_H004069_T01_01_WG01 1.28922270628715 2.22044604925031e-16 2.22044604925031e-16
CURTIS_H004070_T02_01_WG01 2.22044604925031e-16 0.646044898652427 0.900754407621256
CURTIS_H004071_T01_01_WG01 2.22044604925031e-16 0.505436729205621 0.986688376725887
CURTIS_H004072_T01_01_WG01 2.22044604925031e-16 2.22044604925031e-16 1.29559065774401
CURTIS_H004073_T01_01_WG01 2.22044604925031e-16 2.22044604925031e-16 1.29559065774401
CURTIS_H004074_T01_01_WG01 2.22044604925031e-16 2.22044604925031e-16 1.29559065774401
CURTIS_H004075_T01_01_WG01 2.22044604925031e-16 2.22044604925031e-16 1.29559065774401
CURTIS_H004076_T01_01_WG01 1.28922270628715 2.22044604925031e-16 2.22044604925031e-16
CURTIS_H004077_T01_01_WG01 2.22044604925031e-16 2.22044604925031e-16 1.29559065774401
CURTIS_H004078_T01_01_WG01 2.22044604925031e-16 2.22044604925031e-16 1.29559065774401
CURTIS_H004079_T01_01_WG01 2.22044604925031e-16 0.745000333967914 0.840276888039058
CURTIS_H004080_T01_01_WG01 1.28922270628715 2.22044604925031e-16 2.22044604925031e-16
CURTIS_H004081_T01_01_WG01 2.22044604925031e-16 0.954009208060582 0.712539202529483
CURTIS_H004082_T02_01_WG01 2.22044604925031e-16 2.22044604925031e-16 1.29559065774401
CURTIS_H004083_T01_01_WG01 2.22044604925031e-16 0.477560390557845 1.00372525611585
CURTIS_H004084_T01_01_WG01 2.22044604925031e-16 2.11989080262269 2.22044604925031e-16
CURTIS_H004085_T01_01_WG01 2.22044604925031e-16 0.863930052759751 0.767591902376495
CURTIS_H004086_T01_01_WG01 2.22044604925031e-16 2.22044604925031e-16 1.29559065774401
CURTIS_H004087_T01_01_WG01 0.566195226977048 1.1888863700261 2.22044604925031e-16
CURTIS_H004088_T01_01_WG01 0.226032432614001 1.74822183289689 2.22044604925031e-16
CURTIS_H004089_T01_01_WG01 2.22044604925031e-16 2.22044604925031e-16 1.29559065774401
CURTIS_H004090_T02_01_WG01 0.469317921615739 1.34818336938609 2.22044604925031e-16
CURTIS_H004091_T01_01_WG01 2.22044604925031e-16 2.22044604925031e-16 1.29559065774401
CURTIS_H004092_T02_01_WG01 2.22044604925031e-16 2.22044604925031e-16 1.29559065774401
CURTIS_H004093_T02_01_WG01 0.742328290676535 0.899267780504346 2.22044604925031e-16
CURTIS_H004094_T01_01_WG01 0.75824842291976 2.22044604925031e-16 0.533596963254143
CURTIS_H004095_T01_01_WG01 0.729099507926856 0.921020092765196 2.22044604925031e-16
CURTIS_H004096_T01_01_WG01 0.64525972739436 1.0588792685135 2.22044604925031e-16
CURTIS_H004097_T01_01_WG01 0.760070182518053 0.870094486276325 2.22044604925031e-16
CURTIS_H004098_T02_01_WG01 1.28922270628715 2.22044604925031e-16 2.22044604925031e-16
CURTIS_H004099_T01_01_WG01 0.671901020775597 2.22044604925031e-16 0.620370867400325
CURTIS_H004100_T01_01_WG01 2.22044604925031e-16 1.61004589430428 0.311596380010924
CURTIS_H004101_T01_01_WG01 2.22044604925031e-16 2.22044604925031e-16 1.29559065774401
CURTIS_H004102_T01_01_WG01 1.28922270628715 2.22044604925031e-16 2.22044604925031e-16
CURTIS_H004103_T01_01_WG01 0.217337916051791 1.76251837421872 2.22044604925031e-16
CURTIS_H004104_T01_01_WG01 2.22044604925031e-16 0.420649712327243 1.03850673776114
CURTIS_H004105_T01_01_WG01 1.28922270628715 2.22044604925031e-16 2.22044604925031e-16
CURTIS_H004106_T01_01_WG01 2.22044604925031e-16 2.22044604925031e-16 1.29559065774401
CURTIS_H004107_T01_01_WG01 1.28922270628715 2.22044604925031e-16 2.22044604925031e-16
CURTIS_H004108_T01_01_WG01 0.953274109127325 0.552405986801228 2.22044604925031e-16
CURTIS_H004109_T02_01_WG01 0.912522642669693 0.619414315552833 2.22044604925031e-16
CURTIS_H004110_T01_01_WG01 0.826534999078888 0.76080525902474 2.22044604925031e-16
CURTIS_H004111_T01_01_WG01 2.22044604925031e-16 1.8378285106784 0.172384950155346
CURTIS_H004112_T01_01_WG01 1.28922270628715 2.22044604925031e-16 2.22044604925031e-16
CURTIS_H004113_T01_01_WG01 2.22044604925031e-16 2.22044604925031e-16 1.29559065774401
CURTIS_H004114_T01_01_WG01 0.220663027252054 1.75705083737131 2.22044604925031e-16
CURTIS_H004116_T01_01_WG01 0.648707385841529 1.05321022514566 2.22044604925031e-16
CURTIS_H004117_T01_01_WG01 1.28922270628715 2.22044604925031e-16 2.22044604925031e-16
CURTIS_H004119_T01_01_WG01 1.28922270628715 2.22044604925031e-16 2.22044604925031e-16
CURTIS_H004120_T01_01_WG01 2.22044604925031e-16 2.11989080262269 2.22044604925031e-16
CURTIS_H004121_T01_01_WG01 3.71552067896043e-10 2.22044604925031e-16 1.29559065737062
CURTIS_H004122_T01_01_WG01 2.22044604925031e-16 2.22044604925031e-16 1.29559065774401
CURTIS_H004123_T01_01_WG01 0.286450087606279 2.22044604925031e-16 1.00772568639127
CURTIS_H004124_T01_01_WG01 0.4095771039198 2.22044604925031e-16 0.883990499853098
CURTIS_H004125_T01_01_WG01 0.616594423169007 1.1060141153366 2.22044604925031e-16
CURTIS_H004126_T01_01_WG01 2.22044604925031e-16 2.22044604925031e-16 1.29559065774401
CURTIS_H004128_T01_01_WG01 2.72015700482865e-06 2.1198863298223 2.22044604925031e-16
CURTIS_H004129_T01_01_WG01 0.708151709750607 2.22044604925031e-16 0.583941122761352
CURTIS_H004130_T01_01_WG01 0.638364414404724 1.0702173488286 2.22044604925031e-16
CURTIS_H004131_T01_01_WG01 0.814424876997811 0.780718138539751 2.22044604925031e-16
CURTIS_H004132_T01_01_WG01 0.373697780058619 2.22044604925031e-16 0.920047045067533
CURTIS_H004133_T01_01_WG01 0.575524805058109 2.22044604925031e-16 0.717223121167943
CURTIS_H004134_T01_01_WG01 1.28922270628715 2.22044604925031e-16 2.22044604925031e-16
CURTIS_H004135_T01_01_WG01 1.28922270628715 2.22044604925031e-16 2.22044604925031e-16
CURTIS_H004136_T01_01_WG01 0.581700803003504 1.16339028789261 2.22044604925031e-16
CURTIS_H004137_T01_01_WG01 1.28922270628715 2.22044604925031e-16 2.22044604925031e-16
CURTIS_H004138_T01_01_WG01 1.28922270628715 2.22044604925031e-16 2.22044604925031e-16
CURTIS_H004139_T01_01_WG01 0.315460692721589 2.22044604925031e-16 0.978571787084659
CURTIS_H004140_T01_01_WG01 1.28922270628715 2.22044604925031e-16 2.22044604925031e-16
CURTIS_H004141_T01_01_WG01 1.28922270628715 2.22044604925031e-16 2.22044604925031e-16
CURTIS_H004142_T01_01_WG01 1.28922270628715 2.22044604925031e-16 2.22044604925031e-16
CURTIS_H004143_T01_01_WG01 1.28922270628715 2.22044604925031e-16 2.22044604925031e-16
CURTIS_H004144_T01_01_WG01 2.22044604925031e-16 2.11989080262269 2.22044604925031e-16
CURTIS_H004145_T01_01_WG01 0.451085371157765 1.37816346191449 2.22044604925031e-16
CURTIS_H004146_T01_01_WG01 2.22044604925031e-16 0.398687605257408 1.05192908041617
CURTIS_H004147_T01_01_WG01 0.329639694520506 1.57785865163315 2.22044604925031e-16
CURTIS_H004148_T01_01_WG01 0.417722323220272 2.22044604925031e-16 0.875805048278669
CURTIS_H004149_T01_01_WG01 2.22044604925031e-16 2.22044604925031e-16 1.29559065774401
CURTIS_H004150_T01_01_WG01 0.759664014810519 0.870762354739486 2.22044604925031e-16
CURTIS_H004151_T01_01_WG01 1.28922270628715 2.22044604925031e-16 2.22044604925031e-16
CURTIS_H004152_T01_01_WG01 1.28922270628715 2.22044604925031e-16 2.22044604925031e-16
CURTIS_H004153_T01_01_WG01 0.791015437800633 0.819210677188542 2.22044604925031e-16
CURTIS_H004154_T01_01_WG01 2.22044604925031e-16 0.342234812746624 1.08643072101485
CURTIS_H004155_T01_01_WG01 0.382458059961603 1.49100851584039 2.22044604925031e-16
CURTIS_H004156_T01_01_WG01 1.28922270628715 2.22044604925031e-16 2.22044604925031e-16
CURTIS_H004157_T01_01_WG01 2.22044604925031e-16 2.22044604925031e-16 1.29559065774401
CURTIS_H004159_T02_01_WG01 2.22044604925031e-16 2.11989080262269 2.22044604925031e-16
CURTIS_H004160_T01_01_WG01 1.28922270628715 2.22044604925031e-16 2.22044604925031e-16
CURTIS_H004161_T01_01_WG01 0.688157714634038 2.22044604925031e-16 0.604033875671831
CURTIS_H004162_T01_01_WG01 0.489073190299047 2.22044604925031e-16 0.804101752673972
CURTIS_H004163_T01_01_WG01 2.22044604925031e-16 2.22044604925031e-16 1.29559065774401
CURTIS_H004164_T01_01_WG01 0.227907184477117 1.74513914655229 2.22044604925031e-16
CURTIS_H004165_T01_01_WG01 0.640468761337948 1.06675713540891 2.22044604925031e-16
CURTIS_H004166_T01_01_WG01 2.22044604925031e-16 2.11989080262269 2.22044604925031e-16
CURTIS_H004167_T01_01_WG01 0.690428933302926 0.661346811973434 0.197563284169701
CURTIS_H004168_T01_01_WG01 0.533544636961375 1.24257428999282 2.22044604925031e-16
CURTIS_H004169_T01_01_WG01 0.951483563852675 0.555350210821563 2.22044604925031e-16
CURTIS_H004170_T01_01_WG01 2.22044604925031e-16 2.11989080262269 2.22044604925031e-16
CURTIS_H004171_T01_01_WG01 0.323573437861575 1.58783350053622 2.22044604925031e-16
CURTIS_H004172_T01_01_WG01 2.22044604925031e-16 2.22044604925031e-16 1.29559065774401
CURTIS_H004173_T01_01_WG01 2.22044604925031e-16 2.22044604925031e-16 1.29559065774401
CURTIS_H004174_T01_01_WG01 2.22044604925031e-16 2.22044604925031e-16 1.29559065774401
CURTIS_H004175_T01_01_WG01 1.28922270628715 2.22044604925031e-16 2.22044604925031e-16
CURTIS_H004177_T01_01_WG01 0.206052748374998 1.78107476718902 2.22044604925031e-16
CURTIS_H004178_T01_01_WG01 2.22044604925031e-16 1.72992420149782 0.238331655868546
CURTIS_H004180_T01_01_WG01 2.22044604925031e-16 2.22044604925031e-16 1.29559065774401
CURTIS_H004181_T01_01_WG01 1.28922270628715 2.22044604925031e-16 2.22044604925031e-16
CURTIS_H004183_T01_01_WG01 0.212449039472897 2.22044604925031e-16 1.08209225328257
CURTIS_H004184_T01_01_WG01 2.22044604925031e-16 2.22044604925031e-16 1.29559065774401
CURTIS_H004185_T01_01_WG01 2.22044604925031e-16 2.22044604925031e-16 1.29559065774401
CURTIS_H004186_T01_01_WG01 0.50362246215242 1.29177583047348 2.22044604925031e-16
CURTIS_H004187_T01_01_WG01 0.514094517447853 1.27455645200839 2.22044604925031e-16
CURTIS_H004188_T02_01_WG01 0.162291422917689 0.707205903817039 0.70028225904267
CURTIS_H004189_T01_01_WG01 2.22044604925031e-16 2.11989080262269 2.22044604925031e-16
CURTIS_H004190_T01_01_WG01 0.381572724060285 1.4924642887067 2.22044604925031e-16
CURTIS_H004191_T01_01_WG01 0.894082581276333 0.649735621838355 2.22044604925031e-16
CURTIS_H004192_T01_01_WG01 2.22044604925031e-16 2.22044604925031e-16 1.29559065774401
CURTIS_H004193_T01_01_WG01 0.638341351180593 1.07025527207993 2.22044604925031e-16
CURTIS_H004194_T01_01_WG01 1.28922270628715 2.22044604925031e-16 2.22044604925031e-16
CURTIS_H004196_T01_01_WG01 2.22044604925031e-16 2.22044604925031e-16 1.29559065774401
CURTIS_H004197_T01_01_WG01 1.28922270628715 2.22044604925031e-16 2.22044604925031e-16
CURTIS_H004198_T01_01_WG01 0.633095677793423 2.22044604925031e-16 0.659367884434757
CURTIS_H004199_T01_01_WG01 0.857388992180125 0.710071513892478 2.22044604925031e-16
CURTIS_H004200_T01_01_WG01 0.31682906211252 2.22044604925031e-16 0.977196658807297
CURTIS_H004201_T01_01_WG01 0.515035877072398 1.27300855838202 2.22044604925031e-16
CURTIS_H004202_T01_01_WG01 1.28922270628715 2.22044604925031e-16 2.22044604925031e-16
CURTIS_H004203_T01_01_WG01 2.22044604925031e-16 2.22044604925031e-16 1.29559065774401
CURTIS_H004204_T01_01_WG01 2.22044604925031e-16 2.22044604925031e-16 1.29559065774401
CURTIS_H004205_T01_01_WG01 2.22044604925031e-16 2.22044604925031e-16 1.29559065774401
CURTIS_H004206_T01_01_WG01 0.725723146624612 0.926571901026137 2.22044604925031e-16
CURTIS_H004207_T01_01_WG01 1.28922270628715 2.22044604925031e-16 2.22044604925031e-16
CURTIS_H004208_T01_01_WG01 0.321251700569591 2.22044604925031e-16 0.97275217529051
CURTIS_H004209_T01_01_WG01 1.28922270628715 2.22044604925031e-16 2.22044604925031e-16
CURTIS_H004212_T01_01_WG01 2.22044604925031e-16 2.22044604925031e-16 1.29559065774401
CURTIS_H004213_T01_01_WG01 1.28922270628715 2.22044604925031e-16 2.22044604925031e-16
CURTIS_H004214_T01_01_WG01 2.22044604925031e-16 2.22044604925031e-16 1.29559065774401
CURTIS_H004215_T01_01_WG01 1.28922270628715 2.22044604925031e-16 2.22044604925031e-16
CURTIS_H004216_T01_01_WG01 2.22044604925031e-16 2.22044604925031e-16 1.29559065774401
CURTIS_H004217_T01_01_WG01 2.22044604925031e-16 2.22044604925031e-16 1.29559065774401
CURTIS_H004219_T01_01_WG01 0.892509390748185 0.652322445755689 2.22044604925031e-16
CURTIS_H004220_T01_01_WG01 2.22044604925031e-16 2.22044604925031e-16 1.29559065774401
CURTIS_H004222_T01_01_WG01 2.22044604925031e-16 2.22044604925031e-16 1.29559065774401
CURTIS_H004223_T01_01_WG01 2.22044604925031e-16 2.22044604925031e-16 1.29559065774401
CURTIS_H004224_T01_01_WG01 0.28444964278597 2.22044604925031e-16 1.00973601215414
CURTIS_H004225_T01_01_WG01 0.37103213861905 2.22044604925031e-16 0.922725853103692
CURTIS_H004226_T01_01_WG01 1.28922270628715 2.22044604925031e-16 2.22044604925031e-16
CURTIS_H004227_T01_01_WG01 1.28922270628715 2.22044604925031e-16 2.22044604925031e-16
CURTIS_H004228_T01_01_WG01 1.28922270628715 2.22044604925031e-16 2.22044604925031e-16
CURTIS_H004229_T01_01_WG01 0.965394447266601 2.22044604925031e-16 0.325427767486965
CURTIS_H004230_T01_01_WG01 0.668477254321872 1.02070229447073 2.22044604925031e-16
CURTIS_H004231_T01_01_WG01 2.22044604925031e-16 2.22044604925031e-16 1.29559065774401
CURTIS_H004232_T01_01_WG01 1.28922270628715 2.22044604925031e-16 2.22044604925031e-16
CURTIS_H004233_T01_01_WG01 1.28922270628715 2.22044604925031e-16 2.22044604925031e-16
CURTIS_H004234_T01_01_WG01 2.22044604925031e-16 2.22044604925031e-16 1.29559065774401
CURTIS_H004235_T01_01_WG01 0.891846438324438 2.22044604925031e-16 0.399339057457617
CURTIS_H004236_T01_01_WG01 0.29396790762982 1.63651437695811 2.22044604925031e-16
CURTIS_H004237_T01_01_WG01 1.28922270628715 2.22044604925031e-16 2.22044604925031e-16
CURTIS_H004238_T01_01_WG01 0.55797236700623 2.22044604925031e-16 0.734862257253389
CURTIS_H004239_T01_01_WG01 1.28922270628715 2.22044604925031e-16 2.22044604925031e-16
CURTIS_H004240_T01_01_WG01 1.28922270628715 2.22044604925031e-16 2.22044604925031e-16
CURTIS_H004241_T01_01_WG01 0.268295545830716 2.22044604925031e-16 1.02596990021511
CURTIS_H004242_T01_01_WG01 1.28922270628715 2.22044604925031e-16 2.22044604925031e-16
CURTIS_H004243_T01_01_WG01 0.905092389630997 0.63163200688039 2.22044604925031e-16
CURTIS_H004244_T02_01_WG01 0.927681748577026 0.594487940123497 2.22044604925031e-16
CURTIS_H004245_T01_01_WG01 1.28922270628715 2.22044604925031e-16 2.22044604925031e-16
CURTIS_H004246_T01_01_WG01 0.522603883352746 2.22044604925031e-16 0.770405439029945
CURTIS_H004247_T01_01_WG01 2.22044604925031e-16 2.22044604925031e-16 1.29559065774401
CURTIS_H004248_T01_01_WG01 0.517888940719547 1.26831721734731 2.22044604925031e-16
CURTIS_H004249_T01_01_WG01 1.28922270628715 2.22044604925031e-16 2.22044604925031e-16
CURTIS_H004250_T01_01_WG01 2.22044604925031e-16 0.376339006423916 1.06558763104836
CURTIS_H004252_T01_01_WG01 0.592547510894494 2.22044604925031e-16 0.700116333842843
CURTIS_H004253_T01_01_WG01 0.63812887170498 2.22044604925031e-16 0.654309829702533
CURTIS_H004255_T01_01_WG01 2.22044604925031e-16 2.22044604925031e-16 1.29559065774401
CURTIS_H004256_T01_01_WG01 0.555127669941549 1.20708494212123 2.22044604925031e-16
CURTIS_H004257_T01_01_WG01 2.22044604925031e-16 2.11989080262269 2.22044604925031e-16
CURTIS_H004258_T01_01_WG01 0.481460418337505 0.873901646358831 0.277659140933365
CURTIS_H004259_T01_01_WG01 0.732623903499756 0.915224869237593 2.22044604925031e-16
CURTIS_H004260_T01_01_WG01 0.658524436341269 1.03706788219608 2.22044604925031e-16
CURTIS_H004261_T01_01_WG01 2.22044604925031e-16 2.22044604925031e-16 1.29559065774401
CURTIS_H004262_T01_01_WG01 0.711738070574772 0.949567799211499 2.22044604925031e-16
CURTIS_H004263_T01_01_WG01 2.22044604925031e-16 2.22044604925031e-16 1.29559065774401
CURTIS_H004264_T01_01_WG01 0.857430694572157 2.22044604925031e-16 0.433924793395499
CURTIS_H004266_T01_01_WG01 0.749332651884004 0.887750390351699 2.22044604925031e-16
CURTIS_H004267_T01_01_WG01 2.22044604925031e-16 2.22044604925031e-16 1.29559065774401
CURTIS_H004268_T01_01_WG01 0.583102841382991 2.22044604925031e-16 0.709607654097218
CURTIS_H004269_T01_01_WG01 0.199132690831646 1.79245353539425 2.22044604925031e-16
CURTIS_H004271_T01_01_WG01 0.233169203669429 1.73648671898131 2.22044604925031e-16
CURTIS_H004272_T01_01_WG01 2.22044604925031e-16 2.22044604925031e-16 1.29559065774401
CURTIS_H004273_T01_01_WG01 2.22044604925031e-16 2.22044604925031e-16 1.29559065774401
CURTIS_H004274_T01_01_WG01 2.22044604925031e-16 2.11989080262269 2.22044604925031e-16
CURTIS_H004275_T01_01_WG01 0.8120128203255 0.784684324312078 2.22044604925031e-16
CURTIS_H004276_T01_01_WG01 0.15064979149157 2.22044604925031e-16 1.14419675078308
CURTIS_H004277_T01_01_WG01 1.28922270607066 2.22044604925031e-16 2.17553396166936e-10
CURTIS_H004278_T01_01_WG01 2.22044604925031e-16 1.74923425730207 0.226530138606642
CURTIS_H004279_T01_01_WG01 0.147216430348668 2.22044604925031e-16 1.14764707057632
CURTIS_H004280_T01_01_WG01 2.22044604925031e-16 2.22044604925031e-16 1.29559065774401
CURTIS_H004282_T01_01_WG01 0.355289465554773 1.20490267630852 0.202158991476407
CURTIS_H004283_T01_01_WG01 0.602641917707073 0.659991139082031 0.286612444444865
CURTIS_H004284_T01_01_WG01 2.22044604925031e-16 2.22044604925031e-16 1.29559065774401
CURTIS_H004285_T01_01_WG01 0.508601873451878 1.28358809986284 2.22044604925031e-16
CURTIS_H004286_T01_01_WG01 0.953376632714192 0.552237405525246 2.22044604925031e-16
CURTIS_H004288_T01_01_WG01 2.22044604925031e-16 2.22044604925031e-16 1.29559065774401
CURTIS_H004290_T01_01_WG01 0.188247033656158 2.22044604925031e-16 1.10641380182644
CURTIS_H004291_T01_01_WG01 0.171344574716403 2.22044604925031e-16 1.12339974831067
CURTIS_H004292_T01_01_WG01 2.22044604925031e-16 2.11989080262269 2.22044604925031e-16
CURTIS_H004293_T01_01_WG01 0.46334598191275 1.35800313131585 2.22044604925031e-16
CURTIS_H004294_T01_01_WG01 2.22044604925031e-16 2.22044604925031e-16 1.29559065774401
CURTIS_H004295_T01_01_WG01 2.22044604925031e-16 2.22044604925031e-16 1.29559065774401
CURTIS_H004296_T01_01_WG01 0.797736794244659 2.22044604925031e-16 0.493913544145428
CURTIS_H004298_T01_01_WG01 0.862490214419413 0.701683487483648 2.22044604925031e-16
CURTIS_H004299_T01_01_WG01 2.22044604925031e-16 1.41516991672739 0.430696616520742
CURTIS_H004300_T01_01_WG01 0.925795904472522 0.597588865629093 2.22044604925031e-16
CURTIS_H004301_T01_01_WG01 0.66495804110871 1.02648899655615 2.22044604925031e-16
CURTIS_H004302_T01_01_WG01 0.293572812323316 2.22044604925031e-16 1.00056777988212
CURTIS_H004305_T01_01_WG01 0.655023510224979 1.04282451449738 2.22044604925031e-16
CURTIS_H004306_T01_01_WG01 0.774178891053945 0.592944315096444 0.155204465906015
CURTIS_H004307_T01_01_WG01 1.28922270628715 2.22044604925031e-16 2.22044604925031e-16
CURTIS_H004308_T01_01_WG01 0.791839393046708 0.81785583357664 2.22044604925031e-16
CURTIS_H004309_T01_01_WG01 2.22044604925031e-16 2.22044604925031e-16 1.29559065774401
CURTIS_H004310_T01_01_WG01 2.22044604925031e-16 0.438772718501592 1.02743069674022
CURTIS_H004311_T01_01_WG01 2.22044604925031e-16 2.22044604925031e-16 1.29559065774401
CURTIS_H004313_T01_01_WG01 1.28922270628715 2.22044604925031e-16 2.22044604925031e-16
CURTIS_H004314_T01_01_WG01 2.22044604925031e-16 2.11989080262269 2.22044604925031e-16
CURTIS_H004315_T01_01_WG01 1.28922270628715 2.22044604925031e-16 2.22044604925031e-16
CURTIS_H004316_T01_01_WG01 1.28922270628715 2.22044604925031e-16 2.22044604925031e-16
CURTIS_H004317_T01_01_WG01 2.22044604925031e-16 2.22044604925031e-16 1.29559065774401
CURTIS_H004318_T01_01_WG01 0.523740381593804 1.25869559368916 2.22044604925031e-16
CURTIS_H004319_T01_01_WG01 0.871130351694815 0.687476362947135 2.22044604925031e-16
CURTIS_H004320_T01_01_WG01 0.780968687096506 0.835730720087302 2.22044604925031e-16
CURTIS_H004321_T01_01_WG01 2.22044604925031e-16 2.22044604925031e-16 1.29559065774401
CURTIS_H004322_T01_01_WG01 2.22044604925031e-16 2.22044604925031e-16 1.29559065774401
CURTIS_H004323_T01_01_WG01 1.28922270628715 2.22044604925031e-16 2.22044604925031e-16
CURTIS_H004325_T01_01_WG01 0.793823113680367 0.814593968031024 2.22044604925031e-16
CURTIS_H004326_T01_01_WG01 2.22044604925031e-16 2.22044604925031e-16 1.29559065774401
CURTIS_H004327_T01_01_WG01 0.423327790743509 1.42380572305082 2.22044604925031e-16
CURTIS_H004328_T01_01_WG01 1.03326324029502 2.22044604925031e-16 0.25722374519417
CURTIS_H004329_T01_01_WG01 0.245651941431389 2.22044604925031e-16 1.04872534981614
CURTIS_H004330_T01_01_WG01 0.674742385556576 1.01040043272341 2.22044604925031e-16
CURTIS_H004331_T01_01_WG01 1.28922270628715 2.22044604925031e-16 2.22044604925031e-16
CURTIS_H004332_T01_01_WG01 2.22044604925031e-16 2.22044604925031e-16 1.29559065774401
CURTIS_H004334_T01_01_WG01 0.548864581108066 0.495057340803568 0.441456207059832
CURTIS_H004335_T01_01_WG01 2.22044604925031e-16 2.11989080262269 2.22044604925031e-16
CURTIS_H004336_T01_01_WG01 0.620083207962048 1.10027744721942 2.22044604925031e-16
CURTIS_H004337_T01_01_WG01 0.233050488828707 1.73668192381113 2.22044604925031e-16
CURTIS_H004338_T01_01_WG01 0.56915840400108 0.77650184912819 0.249054759367351
CURTIS_H004339_T01_01_WG01 0.319149402473651 2.22044604925031e-16 0.974864857420302
CURTIS_H004340_T01_01_WG01 1.28922270628715 2.22044604925031e-16 2.22044604925031e-16
CURTIS_H004341_T01_01_WG01 0.714670581191165 0.944745822175283 2.22044604925031e-16
CURTIS_H004342_T01_01_WG01 2.22044604925031e-16 2.22044604925031e-16 1.29559065774401
CURTIS_H004343_T01_01_WG01 0.635582381411418 0.622796546855195 0.276241090825339
CURTIS_H004344_T01_01_WG01 2.22044604925031e-16 2.22044604925031e-16 1.29559065774401
CURTIS_H004345_T01_01_WG01 0.441042213327341 2.22044604925031e-16 0.852369972542727
CURTIS_H004346_T01_01_WG01 1.28922270628715 2.22044604925031e-16 2.22044604925031e-16
CURTIS_H004347_T01_01_WG01 0.586595432318255 1.15534196574006 2.22044604925031e-16
CURTIS_H004348_T01_01_WG01 0.263422551121834 2.22044604925031e-16 1.03086696446109
CURTIS_H004349_T01_01_WG01 0.306328576880215 1.61618951847526 2.22044604925031e-16
CURTIS_H004350_T01_01_WG01 0.558435485582953 1.20164584465515 2.22044604925031e-16
CURTIS_H004351_T01_01_WG01 0.230385873133847 2.22044604925031e-16 1.06406682291487
CURTIS_H004352_T01_01_WG01 0.464253659811833 1.35651062112298 2.22044604925031e-16
CURTIS_H004353_T01_01_WG01 2.22044604925031e-16 2.22044604925031e-16 1.29559065774401
CURTIS_H004354_T01_01_WG01 1.28922270628715 2.22044604925031e-16 2.22044604925031e-16
CURTIS_H004355_T01_01_WG01 1.28922270628715 2.22044604925031e-16 2.22044604925031e-16
CURTIS_H004356_T01_01_WG01 1.28922270628715 2.22044604925031e-16 2.22044604925031e-16
CURTIS_H004357_T01_01_WG01 0.831682172202389 2.22044604925031e-16 0.459800497314068
CURTIS_H004358_T01_01_WG01 2.22044604925031e-16 2.11989080262269 2.22044604925031e-16
CURTIS_H004359_T01_01_WG01 1.28922270628715 2.22044604925031e-16 2.22044604925031e-16
CURTIS_H004360_T01_01_WG01 0.749753795830085 0.887057896205014 2.22044604925031e-16
CURTIS_H004361_T01_01_WG01 1.28922270628715 2.22044604925031e-16 2.22044604925031e-16
CURTIS_H004362_T01_01_WG01 0.971664984650818 0.522165557677306 2.22044604925031e-16
CURTIS_H004363_T01_01_WG01 2.22044604925031e-16 2.22044604925031e-16 1.29559065774401
CURTIS_H004364_T01_01_WG01 0.94505275453245 2.22044604925031e-16 0.34586993542315
CURTIS_H004365_T01_01_WG01 0.443074164784997 1.39133642468091 2.22044604925031e-16
CURTIS_H004366_T01_01_WG01 0.950040409723638 2.22044604925031e-16 0.340857644344006
CURTIS_H004367_T01_01_WG01 2.22044604925031e-16 2.11989080262269 2.22044604925031e-16
CURTIS_H004368_T01_01_WG01 0.787144383524196 2.22044604925031e-16 0.504558274730371
CURTIS_H004371_T01_01_WG01 1.28922270628715 2.22044604925031e-16 2.22044604925031e-16
CURTIS_H004372_T01_01_WG01 2.22044604925031e-16 2.22044604925031e-16 1.29559065774401
CURTIS_H004373_T01_01_WG01 1.28922270628715 2.22044604925031e-16 2.22044604925031e-16
CURTIS_H004374_T01_01_WG01 2.22044604925031e-16 2.22044604925031e-16 1.29559065774401
CURTIS_H004375_T01_01_WG01 0.545397781575316 0.679738508056402 0.332070545494068
CURTIS_H004376_T01_01_WG01 2.22044604925031e-16 2.22044604925031e-16 1.29559065774401
CURTIS_H004377_T01_01_WG01 0.959868555870082 2.22044604925031e-16 0.330980953320664
CURTIS_H004378_T01_01_WG01 2.22044604925031e-16 2.22044604925031e-16 1.29559065774401
CURTIS_H004380_T01_01_WG01 2.22044604925031e-16 2.22044604925031e-16 1.29559065774401
CURTIS_H004382_T01_01_WG01 0.398042471061894 2.22044604925031e-16 0.895582106561801
CURTIS_H004383_T01_01_WG01 2.22044604925031e-16 0.443130726459062 1.02476726030798
CURTIS_H004384_T01_01_WG01 1.28922270628715 2.22044604925031e-16 2.22044604925031e-16
CURTIS_H004385_T01_01_WG01 0.6210904657332 2.22044604925031e-16 0.671432394711849
CURTIS_H004387_T01_01_WG01 0.939086580348414 2.22044604925031e-16 0.351865578765153
CURTIS_H004388_T01_01_WG01 0.444981730246487 1.38819978237893 2.22044604925031e-16
CURTIS_H004390_T01_01_WG01 1.28922270628715 2.22044604925031e-16 2.22044604925031e-16
CURTIS_H004391_T01_01_WG01 0.62848381918376 2.22044604925031e-16 0.664002522732995
CURTIS_H004392_T01_01_WG01 0.943853412308812 0.567896598657871 2.22044604925031e-16
CURTIS_H004393_T01_01_WG01 0.593214432820775 1.14445823074267 2.22044604925031e-16
CURTIS_H004394_T01_01_WG01 0.953960907287651 2.22044604925031e-16 0.336917781981303
CURTIS_H004395_T01_01_WG01 2.22044604925031e-16 2.11989080262269 2.22044604925031e-16
CURTIS_H004396_T01_01_WG01 2.22044604925031e-16 2.22044604925031e-16 1.29559065774401
CURTIS_H004397_T01_01_WG01 1.28922270628715 2.22044604925031e-16 2.22044604925031e-16
CURTIS_H004398_T01_01_WG01 0.941391126025863 0.571945377832478 2.22044604925031e-16
CURTIS_H004399_T01_01_WG01 2.22044604925031e-16 2.22044604925031e-16 1.29559065774401
CURTIS_H004400_T01_01_WG01 2.22044604925031e-16 2.22044604925031e-16 1.29559065774401
CURTIS_H004401_T01_01_WG01 0.95032816378924 0.557250054778609 2.22044604925031e-16
CURTIS_H004402_T01_01_WG01 1.28922270628715 2.22044604925031e-16 2.22044604925031e-16
CURTIS_H004403_T01_01_WG01 0.536039250783042 2.22044604925031e-16 0.756903709312368
CURTIS_H004404_T01_01_WG01 2.22044604925031e-16 2.22044604925031e-16 1.29559065774401
CURTIS_H004405_T01_01_WG01 2.22044604925031e-16 2.22044604925031e-16 1.29559065774401
CURTIS_H004406_T01_01_WG01 0.626876164715829 1.08910767300219 2.22044604925031e-16
CURTIS_H004407_T01_01_WG01 0.905154719211948 0.631529517291315 2.22044604925031e-16
CURTIS_H004408_T01_01_WG01 2.22044604925031e-16 2.22044604925031e-16 1.29559065774401
CURTIS_H004409_T01_01_WG01 1.06236963794242 2.22044604925031e-16 0.227973580200445
CURTIS_H004410_T01_01_WG01 1.28922270628715 2.22044604925031e-16 2.22044604925031e-16
CURTIS_H004411_T01_01_WG01 2.22044604925031e-16 2.22044604925031e-16 1.29559065774401
CURTIS_H004412_T01_01_WG01 1.28922270628715 2.22044604925031e-16 2.22044604925031e-16
CURTIS_H004413_T01_01_WG01 0.422861481978456 2.22044604925031e-16 0.870640505299945
CURTIS_H004414_T01_01_WG01 1.28922270628715 2.22044604925031e-16 2.22044604925031e-16
CURTIS_H004415_T01_01_WG01 2.22044604925031e-16 2.22044604925031e-16 1.29559065774401
CURTIS_H004416_T01_01_WG01 2.22044604925031e-16 2.22044604925031e-16 1.29559065774401
CURTIS_H004417_T01_01_WG01 0.728240710934075 0.922432227253239 2.22044604925031e-16
CURTIS_H004418_T01_01_WG01 1.28922270628715 2.22044604925031e-16 2.22044604925031e-16
CURTIS_H004420_T01_01_WG01 0.232857845770322 2.22044604925031e-16 1.0615826402842
CURTIS_H004421_T01_01_WG01 0.248320605049947 2.22044604925031e-16 1.04604350467332
CURTIS_H004422_T01_01_WG01 1.28922270628715 2.22044604925031e-16 2.22044604925031e-16
CURTIS_H004423_T03_01_WG01 1.28922270628715 2.22044604925031e-16 2.22044604925031e-16
CURTIS_H004424_T01_01_WG01 1.28922270628715 2.22044604925031e-16 2.22044604925031e-16
CURTIS_H004425_T01_01_WG01 0.793494949855972 0.815133573383687 2.22044604925031e-16
CURTIS_H004426_T01_01_WG01 0.714806824415576 2.22044604925031e-16 0.577253136004603
CURTIS_H004427_T01_01_WG01 0.240229189584821 2.22044604925031e-16 1.05417488665521
CURTIS_H004428_T01_01_WG01 0.942024767463656 0.57090347044938 2.22044604925031e-16
CURTIS_H004429_T01_01_WG01 0.3922670901885 1.47487936076173 2.22044604925031e-16
CURTIS_H004430_T01_01_WG01 0.46298554530291 1.03332979857715 0.198789294502543
CURTIS_H004431_T01_01_WG01 1.28922270628715 2.22044604925031e-16 2.22044604925031e-16
CURTIS_H004432_T01_01_WG01 0.281062536726446 1.65773489762462 2.22044604925031e-16
CURTIS_H004433_T01_01_WG01 0.775679266253398 0.844428204658293 2.22044604925031e-16
CURTIS_H004434_T01_01_WG01 0.626781033460455 1.08926409894189 2.22044604925031e-16
CURTIS_H004435_T01_01_WG01 2.22044604925031e-16 2.22044604925031e-16 1.29559065774401
CURTIS_H004436_T01_01_WG01 2.22044604925031e-16 2.22044604925031e-16 1.29559065774401
CURTIS_H004437_T01_01_WG01 1.28922270628715 2.22044604925031e-16 2.22044604925031e-16
CURTIS_H004438_T01_01_WG01 1.28922270628715 2.22044604925031e-16 2.22044604925031e-16
CURTIS_H004439_T01_01_WG01 0.257803298154741 2.22044604925031e-16 1.03651397301295
CURTIS_H004440_T01_01_WG01 2.22044604925031e-16 1.42960413934134 0.421875009319421
CURTIS_H004441_T01_01_WG01 2.22044604925031e-16 2.22044604925031e-16 1.29559065774401
CURTIS_H004442_T01_01_WG01 2.22044604925031e-16 2.22044604925031e-16 1.29559065774401
CURTIS_H004444_T01_01_WG01 0.789323962179326 0.821991999294473 2.22044604925031e-16
CURTIS_H004445_T01_01_WG01 1.28922270628715 2.22044604925031e-16 2.22044604925031e-16
CURTIS_H004446_T01_01_WG01 1.28922270628715 2.22044604925031e-16 2.22044604925031e-16
CURTIS_H004447_T01_01_WG01 0.716203097402467 2.22044604925031e-16 0.575849966305019
CURTIS_H004448_T01_01_WG01 1.28922270628715 2.22044604925031e-16 2.22044604925031e-16
CURTIS_H004449_T01_01_WG01 0.676459014323915 1.00757775087205 2.22044604925031e-16
CURTIS_H004450_T01_01_WG01 2.22044604925031e-16 0.784932343918539 0.81587207484162
CURTIS_H004451_T01_01_WG01 1.28922270628715 2.22044604925031e-16 2.22044604925031e-16
CURTIS_H004452_T01_01_WG01 0.8429275784334 2.22044604925031e-16 0.448499545830369
CURTIS_H004453_T01_01_WG01 0.739925966968657 2.22044604925031e-16 0.552009920644212
CURTIS_H004454_T01_01_WG01 0.706609926870276 0.553610881695977 0.247146166050401
CURTIS_H004455_T01_01_WG01 0.38409324939929 1.48831974606261 2.22044604925031e-16
CURTIS_H004456_T01_01_WG01 0.760397115577682 0.869556904691078 2.22044604925031e-16
CURTIS_H004457_T01_01_WG01 1.28922270628715 2.22044604925031e-16 2.22044604925031e-16
CURTIS_H004459_T01_01_WG01 0.378614672301647 1.49732826347711 2.22044604925031e-16
CURTIS_H004460_T01_01_WG01 1.28922270628715 2.22044604925031e-16 2.22044604925031e-16
CURTIS_H004461_T01_01_WG01 1.28922270628715 2.22044604925031e-16 2.22044604925031e-16
CURTIS_H004462_T01_01_WG01 2.22044604925031e-16 2.22044604925031e-16 1.29559065774401
CURTIS_H004464_T01_01_WG01 1.28922270628715 2.22044604925031e-16 2.22044604925031e-16
CURTIS_H004465_T01_01_WG01 1.28922270628715 2.22044604925031e-16 2.22044604925031e-16
CURTIS_H004466_T01_01_WG01 0.723714348004669 0.929875002730733 2.22044604925031e-16
CURTIS_H004467_T01_01_WG01 1.28922270628715 2.22044604925031e-16 2.22044604925031e-16
CURTIS_H004468_T01_01_WG01 0.648523142331528 0.520561830337957 0.32571809295285
CURTIS_H004469_T01_01_WG01 2.22044604925031e-16 2.22044604925031e-16 1.29559065774401
CURTIS_H004471_T01_01_WG01 1.28922270628715 2.22044604925031e-16 2.22044604925031e-16
CURTIS_H004472_T01_01_WG01 2.22044604925031e-16 2.22044604925031e-16 1.29559065774401
CURTIS_H004473_T01_01_WG01 1.28922270628715 2.22044604925031e-16 2.22044604925031e-16
CURTIS_H004474_T01_01_WG01 0.563153583661836 1.19388779581338 2.22044604925031e-16
CURTIS_H004475_T01_01_WG01 0.929155394553298 0.592064799004288 2.22044604925031e-16
CURTIS_H004476_T01_01_WG01 0.938635256487715 0.576476900942224 2.22044604925031e-16
CURTIS_H004477_T01_01_WG01 2.22044604925031e-16 2.22044604925031e-16 1.29559065774401
CURTIS_H004478_T01_01_WG01 1.28922270628715 2.22044604925031e-16 2.22044604925031e-16
CURTIS_H004479_T01_01_WG01 0.809611989616769 0.788632051041738 2.22044604925031e-16
CURTIS_H004480_T01_01_WG01 0.346716440886139 2.22044604925031e-16 0.947161655130492
CURTIS_H004481_T01_01_WG01 0.0636242492154076 2.22044604925031e-16 1.23165214464812
CURTIS_H004483_T01_01_WG01 1.28922270628715 2.22044604925031e-16 2.22044604925031e-16
CURTIS_H004484_T01_01_WG01 2.22044604925031e-16 2.11989080262269 2.22044604925031e-16
CURTIS_H004485_T01_01_WG01 2.22044604925031e-16 1.40554150190523 0.436581110324404
CURTIS_H004486_T01_01_WG01 0.907020987588688 0.628460780487519 2.22044604925031e-16
CURTIS_H004487_T01_01_WG01 0.325083719887445 2.22044604925031e-16 0.968901228201001
CURTIS_H004488_T01_01_WG01 2.22044604925031e-16 2.22044604925031e-16 1.29559065774401
CURTIS_H004489_T01_01_WG01 0.337142560811305 2.22044604925031e-16 0.956782824167328
CURTIS_H004490_T01_01_WG01 2.22044604925031e-16 2.11989080262269 2.22044604925031e-16
CURTIS_H004491_T01_01_WG01 0.858974065655948 0.707465150642366 2.22044604925031e-16
CURTIS_H004492_T01_01_WG01 1.28922270628715 2.22044604925031e-16 2.22044604925031e-16
CURTIS_H004493_T01_01_WG01 0.910611419037938 0.62255697304634 2.22044604925031e-16
CURTIS_H004494_T01_01_WG01 2.22044604925031e-16 1.86521748528779 0.155645927756069
CURTIS_H004495_T01_01_WG01 0.921711334901394 0.604305192780544 2.22044604925031e-16
CURTIS_H004496_T01_01_WG01 2.22044604925031e-16 2.22044604925031e-16 1.29559065774401
CURTIS_H004497_T01_01_WG01 2.22044604925031e-16 2.22044604925031e-16 1.29559065774401
CURTIS_H004498_T01_01_WG01 0.506410229264711 1.28719185764056 2.22044604925031e-16
CURTIS_H004499_T01_01_WG01 2.22044604925031e-16 0.582877566037937 0.939359700831969
CURTIS_H004500_T01_01_WG01 2.22044604925031e-16 2.22044604925031e-16 1.29559065774401
CURTIS_H004501_T01_01_WG01 2.22044604925031e-16 2.22044604925031e-16 1.29559065774401
CURTIS_H004502_T01_01_WG01 0.753106009903389 2.22044604925031e-16 0.538764776565047
CURTIS_H004503_T01_01_WG01 1.28922270628715 2.22044604925031e-16 2.22044604925031e-16
CURTIS_H004505_T01_01_WG01 1.28922270628715 2.22044604925031e-16 2.22044604925031e-16
CURTIS_H004506_T01_01_WG01 0.440893605215135 1.39492195583405 2.22044604925031e-16
CURTIS_H004507_T01_01_WG01 1.28922270628715 2.22044604925031e-16 2.22044604925031e-16
CURTIS_H004508_T01_01_WG01 1.28922270628715 2.22044604925031e-16 2.22044604925031e-16
CURTIS_H004509_T01_01_WG01 2.22044604925031e-16 2.22044604925031e-16 1.29559065774401
CURTIS_H004511_T01_01_WG01 2.22044604925031e-16 2.22044604925031e-16 1.29559065774401
CURTIS_H004512_T01_01_WG01 0.239355925196166 2.22044604925031e-16 1.05505246442215
CURTIS_H004513_T01_01_WG01 1.28922270628715 2.22044604925031e-16 2.22044604925031e-16
CURTIS_H004515_T01_01_WG01 1.28922270628715 2.22044604925031e-16 2.22044604925031e-16
CURTIS_H004516_T01_01_WG01 1.28922270628715 2.22044604925031e-16 2.22044604925031e-16
CURTIS_H004517_T01_01_WG01 1.28922270628715 2.22044604925031e-16 2.22044604925031e-16
CURTIS_H004518_T01_01_WG01 1.28922270628715 2.22044604925031e-16 2.22044604925031e-16
CURTIS_H004519_T01_01_WG01 1.28922270628715 2.22044604925031e-16 2.22044604925031e-16
CURTIS_H004520_T01_01_WG01 0.391496689759315 0.588125164031559 0.542722145484684
CURTIS_H004522_T01_01_WG01 2.22044604925031e-16 2.22044604925031e-16 1.29559065774401
CURTIS_H004523_T01_01_WG01 2.22044604925031e-16 2.22044604925031e-16 1.29559065774401
CURTIS_H004524_T01_01_WG01 0.835343591114284 0.746321141463958 2.22044604925031e-16
CURTIS_H004525_T01_01_WG01 1.28922270628715 2.22044604925031e-16 2.22044604925031e-16
CURTIS_H004526_T01_01_WG01 0.818413841248767 0.774159016840797 2.22044604925031e-16
CURTIS_H004527_T01_01_WG01 1.28922270628715 2.22044604925031e-16 2.22044604925031e-16
CURTIS_H004528_T01_01_WG01 0.503779850570475 2.22044604925031e-16 0.789322450726095
CURTIS_H004530_T01_01_WG01 2.22044604925031e-16 2.11989080262269 2.22044604925031e-16
CURTIS_H004531_T01_01_WG01 0.603454980334028 2.22044604925031e-16 0.689154988346388
CURTIS_H004532_T01_01_WG01 0.218945817476452 2.22044604925031e-16 1.07556338527101
CURTIS_H004533_T01_01_WG01 1.28922270628715 2.22044604925031e-16 2.22044604925031e-16
CURTIS_H004534_T01_01_WG01 0.860312988373259 0.705263537267107 2.22044604925031e-16
CURTIS_H004535_T01_01_WG01 2.22044604925031e-16 2.22044604925031e-16 1.29559065774401
CURTIS_H004537_T01_01_WG01 0.867853738930186 0.692864152992732 2.22044604925031e-16
CURTIS_H004538_T01_01_WG01 2.22044604925031e-16 2.22044604925031e-16 1.29559065774401
CURTIS_H004539_T01_01_WG01 0.307964768218708 2.22044604925031e-16 0.986104736752492
CURTIS_H004540_T01_01_WG01 2.22044604925031e-16 2.22044604925031e-16 1.29559065774401
CURTIS_H004541_T01_01_WG01 0.436006844553161 2.22044604925031e-16 0.857430212880032
CURTIS_H004542_T01_01_WG01 0.576328550664888 1.17222397369915 2.22044604925031e-16
CURTIS_H004543_T01_01_WG01 0.310118418696473 1.6099578171792 2.22044604925031e-16
CURTIS_H004544_T01_01_WG01 0.835855160843247 0.745479958665952 2.22044604925031e-16
CURTIS_H004545_T01_01_WG01 2.22044604925031e-16 2.22044604925031e-16 1.29559065774401
CURTIS_H004546_T01_01_WG01 1.28922270628715 2.22044604925031e-16 2.22044604925031e-16
CURTIS_H004547_T01_01_WG01 0.470529648446397 2.22044604925031e-16 0.822736887991258
CURTIS_H004548_T01_01_WG01 2.22044604925031e-16 2.11989080262269 2.22044604925031e-16
CURTIS_H004549_T01_01_WG01 2.22044604925031e-16 2.22044604925031e-16 1.29559065774401
CURTIS_H004550_T01_01_WG01 1.05007012460143 2.22044604925031e-16 0.240333845422027
CURTIS_H004551_T01_01_WG01 0.189539991262707 2.22044604925031e-16 1.10511445782037
CURTIS_H004552_T01_01_WG01 1.28922270628715 2.22044604925031e-16 2.22044604925031e-16
CURTIS_H004553_T01_01_WG01 1.28922270628715 2.22044604925031e-16 2.22044604925031e-16
CURTIS_H004554_T01_01_WG01 0.329263792644241 2.22044604925031e-16 0.96470050850689
CURTIS_H004555_T01_01_WG01 0.633536073033448 1.07815667258932 2.22044604925031e-16
CURTIS_H004556_T01_01_WG01 0.918968486025374 2.22044604925031e-16 0.372083043854338
CURTIS_H004557_T01_01_WG01 2.22044604925031e-16 2.22044604925031e-16 1.29559065774401
CURTIS_H004558_T01_01_WG01 0.480259626457675 1.33019173819132 2.22044604925031e-16
CURTIS_H004560_T01_01_WG01 2.22044604925031e-16 2.22044604925031e-16 1.29559065774401
CURTIS_H004561_T01_01_WG01 2.22044604925031e-16 2.22044604925031e-16 1.29559065774401
CURTIS_H004562_T01_01_WG01 2.22044604925031e-16 2.22044604925031e-16 1.29559065774401
CURTIS_H004563_T01_01_WG01 1.28922270628715 2.22044604925031e-16 2.22044604925031e-16
CURTIS_H004564_T01_01_WG01 2.22044604925031e-16 2.11989080262269 2.22044604925031e-16
CURTIS_H004565_T01_01_WG01 0.925150274704117 0.598650485627922 2.22044604925031e-16
CURTIS_H004566_T01_01_WG01 0.439267657681149 1.39759552899254 2.22044604925031e-16
CURTIS_H004567_T01_01_WG01 2.22044604925031e-16 2.11989080262269 2.22044604925031e-16
CURTIS_H004569_T01_01_WG01 2.22044604925031e-16 2.22044604925031e-16 1.29559065774401
CURTIS_H004570_T01_01_WG01 1.28922270628715 2.22044604925031e-16 2.22044604925031e-16
CURTIS_H004571_T01_01_WG01 1.28922270628715 2.22044604925031e-16 2.22044604925031e-16
CURTIS_H004572_T01_01_WG01 0.81482014940909 0.780068185397353 2.22044604925031e-16
CURTIS_H004573_T01_01_WG01 0.473368642239904 2.22044604925031e-16 0.819883871349274
CURTIS_H004575_T01_01_WG01 2.22044604925031e-16 2.22044604925031e-16 1.29559065774401
CURTIS_H004576_T01_01_WG01 2.22044604925031e-16 2.22044604925031e-16 1.29559065774401
CURTIS_H004577_T01_01_WG01 2.22044604925031e-16 2.22044604925031e-16 1.29559065774401
CURTIS_H004578_T01_01_WG01 1.28922270628715 2.22044604925031e-16 2.22044604925031e-16
CURTIS_H004579_T01_01_WG01 2.22044604925031e-16 2.22044604925031e-16 1.29559065774401
CURTIS_H004580_T01_01_WG01 0.360301900517885 2.22044604925031e-16 0.933509091850142
CURTIS_H004581_T01_01_WG01 0.937494246952652 0.305261867516781 0.166902194282344
CURTIS_H004582_T01_01_WG01 2.22044604925031e-16 2.22044604925031e-16 1.29559065774401
CURTIS_H004583_T01_01_WG01 0.579857552921901 1.16642117532259 2.22044604925031e-16
CURTIS_H004584_T01_01_WG01 1.28922270628715 2.22044604925031e-16 2.22044604925031e-16
CURTIS_H004585_T01_01_WG01 0.498502590603691 2.22044604925031e-16 0.79462577704676
CURTIS_H004586_T01_01_WG01 2.22044604925031e-16 2.22044604925031e-16 1.29559065774401
CURTIS_H004587_T01_01_WG01 0.259446118402627 2.22044604925031e-16 1.03486303826356
CURTIS_H004588_T01_01_WG01 1.28922270628715 2.22044604925031e-16 2.22044604925031e-16
CURTIS_H004589_T01_01_WG01 1.28922270628715 2.22044604925031e-16 2.22044604925031e-16
CURTIS_H004590_T01_01_WG01 0.670907062296016 1.01670691993116 2.22044604925031e-16
CURTIS_H004591_T01_01_WG01 2.22044604925031e-16 2.11989080262269 2.22044604925031e-16
CURTIS_H004592_T01_01_WG01 2.22044604925031e-16 2.22044604925031e-16 1.29559065774401
CURTIS_H004593_T01_01_WG01 0.675529627945842 1.00910595668579 2.22044604925031e-16
CURTIS_H004594_T01_01_WG01 2.22044604925031e-16 2.22044604925031e-16 1.29559065774401
CURTIS_H004595_T01_01_WG01 2.22044604925031e-16 2.22044604925031e-16 1.29559065774401
CURTIS_H004596_T01_01_WG01 0.64280441270044 1.06291658418581 2.22044604925031e-16
CURTIS_H004597_T01_01_WG01 0.672295119842673 2.22044604925031e-16 0.619974821731071
CURTIS_H004599_T01_01_WG01 2.22044604925031e-16 2.22044604925031e-16 1.29559065774401
CURTIS_H004600_T01_01_WG01 0.854428372811915 0.714939710626938 2.22044604925031e-16
CURTIS_H004601_T01_01_WG01 2.22044604925031e-16 2.22044604925031e-16 1.29559065774401
CURTIS_H004602_T01_01_WG01 0.744504207712071 0.895689883149288 2.22044604925031e-16
CURTIS_H004603_T01_01_WG01 0.803139909138775 0.409088844769073 0.23846535124239
CURTIS_H004604_T01_01_WG01 1.28922270628715 2.22044604925031e-16 2.22044604925031e-16
CURTIS_H004605_T01_01_WG01 0.574684276761201 2.22044604925031e-16 0.718067801147386
CURTIS_H004606_T01_01_WG01 0.914062049324012 2.22044604925031e-16 0.377013715275262
CURTIS_H004607_T01_01_WG01 1.28922270628715 2.22044604925031e-16 2.22044604925031e-16
CURTIS_H004608_T01_01_WG01 0.811958124527551 0.784774261542046 2.22044604925031e-16
CURTIS_H004609_T01_01_WG01 1.28922270628715 2.22044604925031e-16 2.22044604925031e-16
CURTIS_H004612_T01_01_WG01 2.22044604925031e-16 2.22044604925031e-16 1.29559065774401
CURTIS_H004613_T01_01_WG01 1.28922270628715 2.22044604925031e-16 2.22044604925031e-16
CURTIS_H004614_T01_01_WG01 2.22044604925031e-16 2.22044604925031e-16 1.29559065774401
CURTIS_H004615_T01_01_WG01 0.781266594096479 0.835240866545163 2.22044604925031e-16
CURTIS_H004616_T01_01_WG01 1.28922270628715 2.22044604925031e-16 2.22044604925031e-16
CURTIS_H004617_T01_01_WG01 0.913787763855499 0.617334055289875 2.22044604925031e-16
CURTIS_H004618_T01_01_WG01 0.278998898913777 2.22044604925031e-16 1.01521367928189
CURTIS_H004619_T01_01_WG01 0.612772175375025 2.22044604925031e-16 0.679791772206441
CURTIS_H004620_T01_01_WG01 2.22044604925031e-16 2.22044604925031e-16 1.29559065774401
CURTIS_H004621_T02_01_WG01 0.812086764125352 0.784562737265517 2.22044604925031e-16
CURTIS_H004623_T01_01_WG01 1.28922270628715 2.22044604925031e-16 2.22044604925031e-16
CURTIS_H004624_T01_01_WG01 2.22044604925031e-16 2.11989080262269 2.22044604925031e-16
CURTIS_H004625_T01_01_WG01 0.959051901931684 2.22044604925031e-16 0.331801641017241
CURTIS_H004626_T01_01_WG01 0.419124735619824 1.43071687800967 2.22044604925031e-16
CURTIS_H004627_T02_01_WG01 0.606748424162848 1.12220405880719 2.22044604925031e-16
CURTIS_H004628_T01_01_WG01 1.28922270628715 2.22044604925031e-16 2.22044604925031e-16
CURTIS_H004629_T01_01_WG01 0.243595432018507 1.71934269454281 2.22044604925031e-16
CURTIS_H004630_T01_01_WG01 0.157902089009371 0.55205886031749 0.799512808497293
CURTIS_H004631_T01_01_WG01 2.22044604925031e-16 2.11989080262269 2.22044604925031e-16
CURTIS_H004632_T01_01_WG01 2.22044604925031e-16 0.314963192016419 1.10309802151725
CURTIS_H004633_T01_01_WG01 0.652870070103834 1.04636545268017 2.22044604925031e-16
CURTIS_H004634_T01_01_WG01 0.27945277014723 1.30124820622543 0.219487820566654
CURTIS_H004635_T01_01_WG01 0.964430860944763 2.22044604925031e-16 0.326396113320787
CURTIS_H004636_T01_01_WG01 0.355750905658977 2.22044604925031e-16 0.938082565768874
CURTIS_H004637_T01_01_WG01 0.210042396948879 0.607096678101516 0.713478094293892
CURTIS_H004638_T01_01_WG01 0.205004837047192 1.7827978655916 2.22044604925031e-16
CURTIS_H004639_T01_01_WG01 0.333116965603374 2.22044604925031e-16 0.960828303290383
CURTIS_H004640_T01_01_WG01 2.22044604925031e-16 0.728851975917569 0.850146104794018
CURTIS_H004641_T01_01_WG01 0.806099816238977 0.794407177406242 2.22044604925031e-16
CURTIS_H004642_T01_01_WG01 0.268322614216787 2.22044604925031e-16 1.02594269812819
CURTIS_H004643_T01_01_WG01 0.241714674523272 1.72243525605036 2.22044604925031e-16
CURTIS_H004644_T01_01_WG01 0.20353339410541 1.78521738422376 2.22044604925031e-16
CURTIS_H004645_T01_01_WG01 2.22044604925031e-16 2.22044604925031e-16 1.29559065774401
CURTIS_H004646_T01_01_WG01 2.22044604925031e-16 2.11989080262269 2.22044604925031e-16
CURTIS_H004647_T01_01_WG01 2.22044604925031e-16 2.11989080262269 2.22044604925031e-16
CURTIS_H004648_T01_01_WG01 1.28922270628715 2.22044604925031e-16 2.22044604925031e-16
CURTIS_H004649_T02_01_WG01 0.305275050995996 0.436253135080423 0.722187644945403
CURTIS_H004651_T01_01_WG01 1.28922270628715 2.22044604925031e-16 2.22044604925031e-16
CURTIS_H004653_T01_01_WG01 2.22044604925031e-16 2.22044604925031e-16 1.29559065774401
CURTIS_H004654_T01_01_WG01 2.22044604925031e-16 2.11989080262269 2.22044604925031e-16
CURTIS_H004655_T01_01_WG01 2.22044604925031e-16 0.632989912720888 0.90873308170624
CURTIS_H004657_T01_01_WG01 0.341614437976185 1.20681752131691 0.214731290068323
CURTIS_H004658_T01_01_WG01 0.627143765588564 1.08866765234004 2.22044604925031e-16
CURTIS_H004659_T01_01_WG01 2.22044604925031e-16 2.22044604925031e-16 1.29559065774401
CURTIS_H004660_T01_01_WG01 1.28922270628715 2.22044604925031e-16 2.22044604925031e-16
CURTIS_H004661_T01_01_WG01 0.183399283787223 2.22044604925031e-16 1.1112854965388
CURTIS_H004662_T01_01_WG01 2.22044604925031e-16 2.22044604925031e-16 1.29559065774401
CURTIS_H004663_T01_01_WG01 2.22044604925031e-16 2.22044604925031e-16 1.29559065774401
CURTIS_H004664_T01_01_WG01 2.22044604925031e-16 2.22044604925031e-16 1.29559065774401
CURTIS_H004665_T01_01_WG01 0.29981321115473 2.22044604925031e-16 0.994296557395002
CURTIS_H004666_T01_01_WG01 2.22044604925031e-16 2.22044604925031e-16 1.29559065774401
CURTIS_H004667_T01_01_WG01 2.22044604925031e-16 2.22044604925031e-16 1.29559065774401
CURTIS_H004669_T01_01_WG01 2.22044604925031e-16 2.11989080262269 2.22044604925031e-16
CURTIS_H004670_T01_01_WG01 2.22044604925031e-16 2.22044604925031e-16 1.29559065774401
CURTIS_H004671_T01_01_WG01 1.28922270628715 2.22044604925031e-16 2.22044604925031e-16
CURTIS_H004672_T01_01_WG01 2.22044604925031e-16 2.22044604925031e-16 1.29559065774401
CURTIS_H004673_T01_01_WG01 2.22044604925031e-16 2.22044604925031e-16 1.29559065774401
CURTIS_H004674_T01_01_WG01 1.06972577171203 2.22044604925031e-16 0.220581111744421
CURTIS_H004675_T01_01_WG01 2.22044604925031e-16 2.22044604925031e-16 1.29559065774401
CURTIS_H004676_T01_01_WG01 1.28922270628715 2.22044604925031e-16 2.22044604925031e-16
CURTIS_H004677_T01_01_WG01 2.22044604925031e-16 2.11989080262269 2.22044604925031e-16
CURTIS_H004678_T01_01_WG01 2.22044604925031e-16 2.11989080262269 2.22044604925031e-16
CURTIS_H004679_T01_01_WG01 0.229009013426459 2.22044604925031e-16 1.06545048344552
CURTIS_H004680_T01_01_WG01 2.22044604925031e-16 2.22044604925031e-16 1.29559065774401
CURTIS_H004681_T01_01_WG01 0.257543402644331 1.69640780943666 2.22044604925031e-16
CURTIS_H004682_T01_01_WG01 0.536377855453473 1.23791558068377 2.22044604925031e-16
CURTIS_H004683_T01_01_WG01 0.324193593064659 2.22044604925031e-16 0.969795751691927
CURTIS_H004684_T01_01_WG01 2.22044604925031e-16 2.22044604925031e-16 1.29559065774401
CURTIS_H004685_T01_01_WG01 0.485838270012387 1.32101867980112 2.22044604925031e-16
CURTIS_H004686_T01_01_WG01 1.28922270628715 2.22044604925031e-16 2.22044604925031e-16
CURTIS_H004687_T01_01_WG01 2.22044604925031e-16 2.22044604925031e-16 1.29559065774401
CURTIS_H004688_T01_01_WG01 1.08162892221232 2.22044604925031e-16 0.208619167147351
CURTIS_H004689_T01_01_WG01 2.22044604925031e-16 2.22044604925031e-16 1.29559065774401
CURTIS_H004690_T01_01_WG01 0.827682374974212 0.758918609343669 2.22044604925031e-16
CURTIS_H004691_T01_01_WG01 2.22044604925031e-16 0.902427645742766 0.74406374623151
CURTIS_H004692_T01_01_WG01 2.22044604925031e-16 2.22044604925031e-16 1.29559065774401
CURTIS_H004693_T01_01_WG01 0.806837649598455 0.793193945475871 2.22044604925031e-16
CURTIS_H004694_T01_01_WG01 2.22044604925031e-16 0.829905663509573 0.788386219137264
CURTIS_H004695_T01_01_WG01 0.194577001380384 2.22044604925031e-16 1.10005256803236
CURTIS_H004696_T01_01_WG01 0.455215258824284 2.22044604925031e-16 0.838126921091591
CURTIS_H004697_T01_01_WG01 2.22044604925031e-16 2.11989080262269 2.22044604925031e-16
CURTIS_H004698_T01_01_WG01 2.22044604925031e-16 2.11989080262269 2.22044604925031e-16
CURTIS_H004699_T01_01_WG01 1.28922270628715 2.22044604925031e-16 2.22044604925031e-16
CURTIS_H004700_T01_01_WG01 2.22044604925031e-16 2.11989080262269 2.22044604925031e-16
CURTIS_H004701_T01_01_WG01 0.263862515519382 2.22044604925031e-16 1.0304248269154
CURTIS_H004702_T01_01_WG01 2.22044604925031e-16 2.11989080262269 2.22044604925031e-16
CURTIS_H004703_T01_01_WG01 0.186643883396694 1.81298909367132 2.22044604925031e-16
CURTIS_H004704_T01_01_WG01 2.22044604925031e-16 2.22044604925031e-16 1.29559065774401
CURTIS_H004705_T01_01_WG01 0.686543129041915 2.22044604925031e-16 0.605656436303971
CURTIS_H004706_T01_01_WG01 0.243549885456438 1.71941758752875 4.79043649932228e-16
CURTIS_H004707_T01_01_WG01 0.400840187290509 2.22044604925031e-16 0.892770571369987
CURTIS_H004709_T01_01_WG01 1.28922270628715 2.22044604925031e-16 2.22044604925031e-16
CURTIS_H004710_T01_01_WG01 0.644569829691791 1.06001367902868 2.22044604925031e-16
CURTIS_H004711_T01_01_WG01 2.22044604925031e-16 2.22044604925031e-16 1.29559065774401
CURTIS_H004712_T01_01_WG01 1.28922270628715 2.22044604925031e-16 2.22044604925031e-16
CURTIS_H004713_T01_01_WG01 2.22044604925031e-16 2.11989080262269 2.22044604925031e-16
CURTIS_H004714_T01_01_WG01 0.559480973226739 0.648091993858627 0.3372588483787
CURTIS_H004715_T01_01_WG01 0.997737581248456 0.479293944062151 2.22044604925031e-16
CURTIS_H004716_T01_01_WG01 0.182808925928312 2.22044604925031e-16 1.11187877039521
CURTIS_H004717_T01_01_WG01 0.593022603974509 1.14477365817417 2.22044604925031e-16
CURTIS_H004718_T01_01_WG01 0.621769385636793 2.22044604925031e-16 0.670750121369809
CURTIS_H004719_T01_01_WG01 0.38864628004273 1.48083312040979 2.22044604925031e-16
CURTIS_H004720_T01_01_WG01 1.28922270628715 2.22044604925031e-16 2.22044604925031e-16
CURTIS_H004721_T01_01_WG01 0.674361303804166 1.0110270519243 2.22044604925031e-16
CURTIS_H004722_T01_01_WG01 2.22044604925031e-16 2.22044604925031e-16 1.29559065774401
CURTIS_H004723_T01_01_WG01 0.287075337491238 2.22044604925031e-16 1.00709734816409
CURTIS_H004724_T01_01_WG01 2.22044604925031e-16 2.11989080262269 2.22044604925031e-16
CURTIS_H004725_T01_01_WG01 1.28922270628715 2.22044604925031e-16 2.22044604925031e-16
CURTIS_H004726_T01_01_WG01 0.270419175370709 2.22044604925031e-16 1.02383578127731
CURTIS_H004727_T01_01_WG01 0.202362617611938 2.22044604925031e-16 1.09222849574044
CURTIS_H004728_T01_01_WG01 0.924975457059366 2.22044604925031e-16 0.366046402151529
CURTIS_H004729_T01_01_WG01 0.286841655830766 2.22044604925031e-16 1.00733218406538
CURTIS_H004730_T01_01_WG01 0.865382895196002 0.696927003329817 2.22044604925031e-16
CURTIS_H004731_T01_01_WG01 0.329565201641168 0.475883032949467 0.67355734155801
CURTIS_H004732_T01_01_WG01 0.35854011942672 2.22044604925031e-16 0.935279575034755
CURTIS_H004733_T01_01_WG01 0.85673363780324 0.711149124230276 2.22044604925031e-16
CURTIS_H004734_T01_01_WG01 2.22044604925031e-16 2.22044604925031e-16 1.29559065774401
CURTIS_H004735_T01_01_WG01 0.232890694162131 2.22044604925031e-16 1.06154962964194
CURTIS_H004736_T01_01_WG01 1.28922270628715 2.22044604925031e-16 2.22044604925031e-16
CURTIS_H004737_T01_01_WG01 2.22044604925031e-16 2.22044604925031e-16 1.29559065774401
CURTIS_H004738_T01_01_WG01 0.375705843660491 0.293233867267649 0.738816502274252
CURTIS_H004739_T01_01_WG01 2.22044604925031e-16 1.87149273182531 0.151810753425865
CURTIS_H004740_T01_01_WG01 2.22044604925031e-16 2.22044604925031e-16 1.29559065774401
CURTIS_H004741_T01_01_WG01 0.967821655933166 0.528485208394186 2.22044604925031e-16
CURTIS_H004742_T01_01_WG01 1.28922270628715 2.22044604925031e-16 2.22044604925031e-16
CURTIS_H004743_T01_01_WG01 1.28922270628715 2.22044604925031e-16 2.22044604925031e-16
CURTIS_H004744_T01_01_WG01 0.596738430685694 1.13866366117305 2.22044604925031e-16
CURTIS_H004745_T01_01_WG01 0.778182664030048 0.840311825156019 2.22044604925031e-16
CURTIS_H004746_T01_01_WG01 0.888796124684728 0.658428232240232 2.22044604925031e-16
CURTIS_H004747_T01_01_WG01 2.22044604925031e-16 0.877203414517066 0.759479765907787
CURTIS_H004748_T01_01_WG01 2.22044604925031e-16 2.22044604925031e-16 1.29559065774401
CURTIS_H004749_T01_01_WG01 2.22044604925031e-16 2.22044604925031e-16 1.29559065774401
CURTIS_H004750_T01_01_WG01 1.28922270628715 2.22044604925031e-16 2.22044604925031e-16
CURTIS_H004751_T01_01_WG01 2.22044604925031e-16 2.22044604925031e-16 1.29559065774401
CURTIS_H004752_T01_01_WG01 2.22044604925031e-16 2.11989080262269 2.22044604925031e-16
CURTIS_H004753_T01_01_WG01 0.404906163241538 2.22044604925031e-16 0.888684512048293
CURTIS_H004754_T01_01_WG01 2.22044604925031e-16 2.22044604925031e-16 1.29559065774401
CURTIS_H004755_T01_01_WG01 0.944392620882132 0.567009968838445 2.22044604925031e-16
CURTIS_H004756_T01_01_WG01 0.0154591931933949 2.22044604925031e-16 1.28005510583359
CURTIS_H004757_T01_01_WG01 1.11327656850896 0.28931122405308 2.22044604925031e-16
CURTIS_H004758_T01_01_WG01 1.28922270628715 2.22044604925031e-16 2.22044604925031e-16
CURTIS_H004759_T01_01_WG01 0.321849417434259 1.59066833661968 2.22044604925031e-16
CURTIS_H004760_T01_01_WG01 2.22044604925031e-16 2.22044604925031e-16 1.29559065774401
CURTIS_H004761_T01_01_WG01 1.28922270628715 2.22044604925031e-16 2.22044604925031e-16
CURTIS_H004762_T01_01_WG01 2.22044604925031e-16 2.11989080262269 2.22044604925031e-16
CURTIS_H004763_T01_01_WG01 0.865975211999926 0.695953046744383 2.22044604925031e-16
CURTIS_H004764_T01_01_WG01 2.22044604925031e-16 2.22044604925031e-16 1.29559065774401
CURTIS_H004765_T01_01_WG01 0.312955359864639 2.22044604925031e-16 0.981089494714362
CURTIS_H004766_T01_01_WG01 0.519414586103054 1.2658085727192 2.22044604925031e-16
CURTIS_H004767_T01_01_WG01 0.430787994292422 2.22044604925031e-16 0.862674840987343
CURTIS_H004768_T01_01_WG01 2.22044604925031e-16 2.22044604925031e-16 1.29559065774401
CURTIS_H004769_T01_01_WG01 2.22044604925031e-16 2.22044604925031e-16 1.29559065774401
CURTIS_H004770_T01_01_WG01 2.22044604925031e-16 2.22044604925031e-16 1.29559065774401
CURTIS_H004771_T01_01_WG01 0.482266289997013 1.32689214723605 2.22044604925031e-16
CURTIS_H004772_T01_01_WG01 2.22044604925031e-16 2.11989080262269 2.22044604925031e-16
CURTIS_H004773_T01_01_WG01 2.22044604925031e-16 2.11989080262269 2.22044604925031e-16
CURTIS_H004774_T01_01_WG01 0.957546548423815 2.22044604925031e-16 0.333314430027151
CURTIS_H004775_T01_01_WG01 0.785479931970836 2.22044604925031e-16 0.506230947630317
CURTIS_H004776_T01_01_WG01 2.22044604925031e-16 2.22044604925031e-16 1.29559065774401
CURTIS_H004777_T01_01_WG01 2.22044604925031e-16 2.11989080262269 2.22044604925031e-16
CURTIS_H004778_T01_01_WG01 0.532094764889073 2.22044604925031e-16 0.76086767849233
