Samples	SV32A	SV32B	SV32C	SV32D	SV32E	SV32F
CURTIS_H004763_T01_01_WG01	60	40	69	10	2	1
CURTIS_H004623_T01_01_WG01	42	8	25	22	2	2
CURTIS_H001556_T01_01_WG01	11	23	0	14	0	8
CURTIS_H004447_T01_01_WG01	126	82	237	54	10	1
CURTIS_H004598_T01_01_WG01	71	35	53	140	11	36
CURTIS_H002066_T01_01_WG01	18	17	1	8	153	17
CURTIS_H004059_T01_01_WG01	2	8	0	4	0	2
CURTIS_H001612_T01_01_WG01	93	14	42	25	25	30
CURTIS_H004463_T01_01_WG01	4	34	19	321	0	5
CURTIS_H001404_T01_01_WG01	146	126	67	77	6	16
CURTIS_H000419_T01_01_WG01	8	16	15	1	0	1
CURTIS_H004013_T01_01_WG01	0	0	0	101	3	0
CURTIS_H000481_T01_01_WG01	20	49	2	0	0	0
CURTIS_H004508_T01_01_WG01	216	297	97	35	40	177
CURTIS_H004670_T01_01_WG01	0	20	0	19	1	7
CURTIS_H001398_T01_01_WG01	27	36	43	12	0	5
CURTIS_H000478_T01_01_WG01	0	46	0	49	3	0
CURTIS_H004245_T01_01_WG01	96	245	49	246	0	1
CURTIS_H004482_T01_01_WG01	222	32	199	63	0	92
CURTIS_H000509_T01_01_WG01	7	48	42	2	1	1
CURTIS_H000395_T01_01_WG01	73	27	3	11	1	13
CURTIS_H001602_T01_01_WG01	26	37	6	11	157	1
CURTIS_H004310_T01_01_WG01	60	31	61	12	1	17
CURTIS_H004550_T01_01_WG01	122	225	67	16	0	89
CURTIS_H004546_T01_01_WG01	0	187	40	182	17	0
CURTIS_H004543_T01_01_WG01	133	44	187	28	1	39
CURTIS_H001555_T01_01_WG01	16	9	32	2	0	1
CURTIS_H004040_T02_01_WG01	179	34	53	23	4	2
CURTIS_H001533_T01_01_WG01	21	4	1	4	0	1
CURTIS_H001705_T01_01_WG01	26	60	4	61	4	2
CURTIS_H004573_T01_01_WG01	4	66	13	2	0	249
CURTIS_H004697_T01_01_WG01	49	71	24	12	18	31
CURTIS_H001654_T01_01_WG01	90	53	101	19	1	0
CURTIS_H000585_T01_01_WG01	94	26	53	4	2	2
CURTIS_H000408_T01_01_WG01	0	5	8	28	4	4
CURTIS_H004368_T01_01_WG01	106	136	49	0	3	5
CURTIS_H001743_T01_01_WG01	25	0	10	5	1	1
CURTIS_H001503_T01_01_WG01	0	1	0	0	0	0
CURTIS_H004478_T01_01_WG01	77	13	112	24	0	9
CURTIS_H001702_T01_01_WG01	0	142	0	41	227	80
CURTIS_H000534_T01_01_WG01	90	16	7	18	0	1
CURTIS_H004317_T01_01_WG01	92	48	48	10	0	174
CURTIS_H004359_T01_01_WG01	0	0	1	10	0	2
CURTIS_H004468_T01_01_WG01	72	119	86	137	5	16
CURTIS_H001560_T01_01_WG01	0	9	0	0	0	1
CURTIS_H004181_T01_01_WG01	277	95	31	12	0	4
CURTIS_H001428_T01_01_WG01	0	9	0	0	1	0
CURTIS_H004090_T01_01_WG01	41	24	8	29	4	12
CURTIS_H004738_T01_01_WG01	4	0	0	3	122	30
CURTIS_H004532_T01_01_WG01	50	0	104	24	3	13
CURTIS_H001440_T01_01_WG01	123	5	1	11	1	5
CURTIS_H004346_T01_01_WG01	44	69	0	47	15	109
CURTIS_H004727_T01_01_WG01	136	26	2	53	8	29
CURTIS_H001390_T01_01_WG01	57	5	2	25	0	8
CURTIS_H004636_T01_01_WG01	0	57	4	69	3	5
CURTIS_H001467_T01_01_WG01	106	9	41	5	0	1
CURTIS_H001449_T01_01_WG01	0	37	0	24	163	20
CURTIS_H004160_T01_01_WG01	115	257	305	0	7	8
CURTIS_H004415_T01_01_WG01	0	9	0	24	0	9
CURTIS_H004412_T01_01_WG01	88	84	48	29	0	14
CURTIS_H000522_T01_01_WG01	0	4	0	0	0	3
CURTIS_H000779_T01_01_WG01	27	10	0	11	1	3
CURTIS_H001753_T01_01_WG01	0	1	0	0	1	2
CURTIS_H004211_T01_01_WG01	168	84	115	18	0	15
CURTIS_H004225_T01_01_WG01	0	0	0	0	502	73
CURTIS_H004191_T01_01_WG01	18	131	0	41	480	212
CURTIS_H001638_T01_01_WG01	0	6	8	3	5	2
CURTIS_H000545_T01_01_WG01	0	254	1	0	454	0
CURTIS_H004251_T01_01_WG01	0	5	0	2	0	3
CURTIS_H004125_T01_01_WG01	45	35	24	17	1	26
CURTIS_H002052_T01_01_WG01	0	94	3	101	10	12
CURTIS_H004378_T01_01_WG01	26	41	1	12	3	5
CURTIS_H000501_T01_01_WG01	148	46	19	61	569	179
CURTIS_H004048_T01_01_WG01	114	161	30	48	387	36
CURTIS_H004154_T01_01_WG01	139	52	21	36	2	64
CURTIS_H001414_T01_01_WG01	0	35	0	0	0	1
CURTIS_H004035_T01_01_WG01	7	14	10	3	0	0
CURTIS_H004341_T01_01_WG01	17	22	15	8	0	5
CURTIS_H004651_T01_01_WG01	0	17	0	31	169	13
CURTIS_H004243_T01_01_WG01	131	62	69	28	0	3
CURTIS_H000507_T01_01_WG01	59	47	19	55	0	10
CURTIS_H004344_T01_01_WG01	69	58	64	2	3	0
CURTIS_H004205_T01_01_WG01	101	37	121	8	2	0
CURTIS_H001609_T01_01_WG01	7	45	2	49	119	3
CURTIS_H000437_T01_01_WG01	46	17	10	2	0	1
CURTIS_H004700_T01_01_WG01	19	28	11	5	1	1
CURTIS_H000466_T01_01_WG01	1	7	0	2	0	0
CURTIS_H001644_T01_01_WG01	0	21	0	27	50	3
CURTIS_H004227_T01_01_WG01	44	20	16	31	2	15
CURTIS_H004629_T01_01_WG01	97	43	8	16	0	9
CURTIS_H004696_T01_01_WG01	341	26	121	0	0	0
CURTIS_H004491_T01_01_WG01	59	39	3	28	14	3
CURTIS_H004686_T01_01_WG01	93	133	81	15	0	3
CURTIS_H001714_T01_01_WG01	11	47	0	100	7	5
CURTIS_H001694_T01_01_WG01	0	81	3	69	136	46
CURTIS_H004276_T01_01_WG01	51	37	3	33	141	41
CURTIS_H004600_T01_01_WG01	218	49	473	58	0	206
CURTIS_H004395_T01_01_WG01	63	43	58	26	0	20
CURTIS_H004522_T01_01_WG01	24	10	90	18	0	3
CURTIS_H004100_T01_01_WG01	49	148	40	119	36	21
CURTIS_H001496_T01_01_WG01	0	2	0	0	0	0
CURTIS_H004613_T01_01_WG01	12	60	2	20	7	56
CURTIS_H004328_T01_01_WG01	0	335	6	131	363	68
CURTIS_H001728_T01_01_WG01	203	50	42	25	0	35
CURTIS_H004752_T01_01_WG01	31	50	31	10	0	1
CURTIS_H001448_T01_01_WG01	123	16	10	9	0	6
CURTIS_H000543_T01_01_WG01	14	54	5	0	9	282
CURTIS_H000553_T01_01_WG01	170	57	75	27	0	35
CURTIS_H004017_T01_01_WG01	64	154	116	22	16	15
CURTIS_H004172_T01_01_WG01	12	23	0	4	1	1
CURTIS_H004185_T01_01_WG01	0	32	7	317	0	0
CURTIS_H001710_T01_01_WG01	149	20	48	19	0	26
CURTIS_H004641_T01_01_WG01	44	29	119	20	18	94
CURTIS_H004523_T01_01_WG01	134	22	3	4	1	7
CURTIS_H001511_T01_01_WG01	40	25	10	36	1	1
CURTIS_H004081_T01_01_WG01	238	14	185	17	0	13
CURTIS_H004044_T01_01_WG01	9	93	37	80	162	64
CURTIS_H000413_T01_01_WG01	0	31	1	3	147	0
CURTIS_H001576_T01_01_WG01	0	5	0	0	0	0
CURTIS_H004442_T01_01_WG01	0	10	0	5	1	2
CURTIS_H004389_T01_01_WG01	123	105	176	19	0	1
CURTIS_H000452_T01_01_WG01	31	45	71	0	2	0
CURTIS_H001610_T01_01_WG01	0	54	0	60	12	6
CURTIS_H004726_T01_01_WG01	0	26	0	72	0	11
CURTIS_H004373_T01_01_WG01	16	26	9	40	11	63
CURTIS_H004083_T01_01_WG01	202	46	124	47	0	12
CURTIS_H004102_T01_01_WG01	78	147	80	8	0	3
CURTIS_H004506_T01_01_WG01	42	103	23	7	1	25
CURTIS_H004489_T01_01_WG01	46	19	19	5	2	1
CURTIS_H004694_T01_01_WG01	14	11	5	1	0	1
CURTIS_H000493_T01_01_WG01	0	34	0	0	1	0
CURTIS_H004488_T01_01_WG01	5	24	38	1	0	1
CURTIS_H000393_T01_01_WG01	74	46	61	18	2	4
CURTIS_H004619_T01_01_WG01	57	50	3	30	14	8
CURTIS_H001433_T01_01_WG01	11	1	13	6	0	0
CURTIS_H004209_T01_01_WG01	5	36	0	0	0	5
CURTIS_H004244_T02_01_WG01	79	86	140	46	4	4
CURTIS_H004135_T01_01_WG01	0	104	16	226	1	19
CURTIS_H000527_T01_01_WG01	77	62	137	24	0	8
CURTIS_H001395_T01_01_WG01	28	101	87	124	9	8
CURTIS_H004680_T01_01_WG01	61	42	21	14	6	3
CURTIS_H001487_T01_01_WG01	15	13	2	2	0	7
CURTIS_H004501_T01_01_WG01	9	35	1	0	0	0
CURTIS_H004507_T01_01_WG01	7	9	3	5	0	0
CURTIS_H004515_T01_01_WG01	86	83	66	69	4	24
CURTIS_H000425_T01_01_WG01	15	25	2	6	2	7
CURTIS_H004314_T01_01_WG01	315	129	423	15	13	25
CURTIS_H004426_T01_01_WG01	0	11	0	0	0	0
CURTIS_H000439_T01_01_WG01	0	8	25	1	0	0
CURTIS_H002090_T01_01_WG01	22	161	26	137	65	13
CURTIS_H004110_T01_01_WG01	10	18	15	0	0	1
CURTIS_H001545_T01_01_WG01	225	183	152	4	1	16
CURTIS_H000424_T01_01_WG01	0	20	0	2	0	3
CURTIS_H002085_T01_01_WG01	1	16	0	9	0	1
CURTIS_H000457_T01_01_WG01	0	8	0	3	1	2
CURTIS_H004316_T01_01_WG01	14	13	21	16	1	0
CURTIS_H004101_T01_01_WG01	1	77	3	11	4	7
CURTIS_H001446_T01_01_WG01	20	21	11	7	4	21
CURTIS_H004509_T01_01_WG01	5	36	11	103	10	10
CURTIS_H000515_T01_01_WG01	8	24	0	28	0	4
CURTIS_H004584_T01_01_WG01	67	38	7	121	7	2
CURTIS_H004155_T01_01_WG01	45	22	19	15	0	4
CURTIS_H004548_T01_01_WG01	23	28	11	17	4	1
CURTIS_H001747_T01_01_WG01	81	32	7	6	0	5
CURTIS_H004430_T01_01_WG01	39	20	31	21	0	8
CURTIS_H000430_T01_01_WG01	1	16	0	0	0	0
CURTIS_H002059_T01_01_WG01	8	46	2	44	193	38
CURTIS_H001401_T01_01_WG01	284	19	137	0	3	5
CURTIS_H004036_T01_01_WG01	18	28	0	2	0	15
CURTIS_H004297_T01_01_WG01	7	15	12	1	0	7
CURTIS_H004334_T01_01_WG01	451	190	613	15	5	97
CURTIS_H004105_T01_01_WG01	1	55	0	5	1	1
CURTIS_H001416_T01_01_WG01	177	44	47	20	0	36
CURTIS_H004232_T01_01_WG01	3	39	8	27	8	20
CURTIS_H004622_T01_01_WG01	43	99	18	55	406	85
CURTIS_H001551_T01_01_WG01	0	5	0	0	0	0
CURTIS_H004262_T01_01_WG01	61	46	9	3	0	11
CURTIS_H000563_T01_01_WG01	21	4	0	16	0	47
CURTIS_H000394_T01_01_WG01	32	44	3	14	0	3
CURTIS_H004720_T01_01_WG01	0	157	0	37	236	25
CURTIS_H004284_T01_01_WG01	94	16	26	2	0	0
CURTIS_H000516_T01_01_WG01	8	0	0	24	159	1
CURTIS_H004758_T01_01_WG01	0	74	0	71	204	79
CURTIS_H004156_T01_01_WG01	0	54	1	36	0	158
CURTIS_H001495_T01_01_WG01	3	23	4	0	0	2
CURTIS_H001464_T01_01_WG01	85	56	20	24	0	114
CURTIS_H004207_T01_01_WG01	70	55	382	21	2	6
CURTIS_H004064_T01_01_WG01	20	195	69	264	63	40
CURTIS_H001491_T01_01_WG01	0	4	0	0	0	0
CURTIS_H001493_T01_01_WG01	0	3	0	5	1	0
CURTIS_H004466_T01_01_WG01	281	147	111	17	2	146
CURTIS_H004095_T01_01_WG01	46	33	3	127	0	41
CURTIS_H001674_T01_01_WG01	0	2	0	4	1	0
CURTIS_H004703_T01_01_WG01	9	16	7	0	0	0
CURTIS_H004394_T01_01_WG01	54	66	13	109	0	42
CURTIS_H004192_T01_01_WG01	85	15	6	1	0	1
CURTIS_H001732_T01_01_WG01	1	0	0	1	2	0
CURTIS_H000561_T01_01_WG01	4	5	9	55	7	5
CURTIS_H004499_T01_01_WG01	19	20	2	1	2	0
CURTIS_H001736_T01_01_WG01	5	8	4	0	0	0
CURTIS_H004362_T01_01_WG01	142	55	112	21	0	119
CURTIS_H004654_T01_01_WG01	5	14	23	6	0	3
CURTIS_H000531_T01_01_WG01	0	24	0	59	5	0
CURTIS_H004391_T01_01_WG01	16	0	0	0	0	3
CURTIS_H001477_T01_01_WG01	0	5	0	3	0	1
CURTIS_H001453_T01_01_WG01	39	6	12	5	0	4
CURTIS_H000390_T01_01_WG01	39	124	27	114	4	0
CURTIS_H004320_T01_01_WG01	127	155	362	30	5	47
CURTIS_H004272_T01_01_WG01	7	117	19	25	6	22
CURTIS_H004089_T01_01_WG01	13	15	19	0	0	2
CURTIS_H004340_T01_01_WG01	9	44	31	87	1	18
CURTIS_H001744_T01_01_WG01	38	0	9	4	0	0
CURTIS_H002038_T01_01_WG01	0	62	0	72	142	44
CURTIS_H002077_T01_01_WG01	0	0	0	3	0	0
CURTIS_H004767_T01_01_WG01	23	33	24	1	0	1
CURTIS_H004032_T01_01_WG01	10	38	0	6	2	49
CURTIS_H004111_T01_01_WG01	17	8	11	29	2	4
CURTIS_H004539_T01_01_WG01	55	17	26	18	1	5
CURTIS_H001526_T01_01_WG01	145	13	9	6	2	7
CURTIS_H004655_T01_01_WG01	5	13	4	4	0	4
CURTIS_H004039_T01_01_WG01	36	0	12	0	615	0
CURTIS_H002045_T01_01_WG01	0	131	7	129	142	13
CURTIS_H004414_T01_01_WG01	12	372	70	232	20	24
CURTIS_H001494_T01_01_WG01	99	50	35	27	0	24
CURTIS_H000444_T01_01_WG01	12	71	7	0	1	0
CURTIS_H004663_T01_01_WG01	33	9	28	3	0	1
CURTIS_H001686_T01_01_WG01	0	28	0	83	167	8
CURTIS_H000497_T01_01_WG01	60	30	63	16	1	7
CURTIS_H004398_T01_01_WG01	161	124	286	107	6	56
CURTIS_H004122_T01_01_WG01	30	25	15	4	1	1
CURTIS_H001676_T01_01_WG01	108	11	5	6	1	4
CURTIS_H004073_T01_01_WG01	11	45	1	113	7	63
CURTIS_H004094_T01_01_WG01	0	32	0	20	4	0
CURTIS_H001411_T01_01_WG01	0	3	0	0	0	0
CURTIS_H004157_T01_01_WG01	7	0	0	1	0	0
CURTIS_H000560_T01_01_WG01	4	144	92	26	7	86
CURTIS_H004372_T01_01_WG01	27	6	14	0	0	1
CURTIS_H004428_T01_01_WG01	82	79	28	92	2	65
CURTIS_H004732_T01_01_WG01	8	65	3	17	2	8
CURTIS_H004516_T01_01_WG01	20	28	18	19	0	9
CURTIS_H004332_T01_01_WG01	0	92	0	73	14	21
CURTIS_H004216_T01_01_WG01	3	83	1	51	3	1
CURTIS_H001663_T01_01_WG01	1	13	8	5	0	0
CURTIS_H004033_T01_01_WG01	26	46	17	2	1	32
CURTIS_H004461_T01_01_WG01	25	26	19	14	3	2
CURTIS_H000568_T01_01_WG01	1	3	0	13	0	3
CURTIS_H001458_T01_01_WG01	22	28	7	9	0	0
CURTIS_H004536_T01_01_WG01	12	216	95	293	7	29
CURTIS_H004555_T01_01_WG01	50	91	18	21	0	0
CURTIS_H000551_T01_01_WG01	0	21	0	65	206	39
CURTIS_H000406_T01_01_WG01	3	0	0	0	167	12
CURTIS_H001684_T01_01_WG01	130	53	28	27	3	10
CURTIS_H001566_T01_01_WG01	8	5	14	4	0	0
CURTIS_H004052_T01_01_WG01	352	0	428	0	6	0
CURTIS_H000477_T01_01_WG01	123	5	46	11	0	7
CURTIS_H004307_T01_01_WG01	0	58	0	103	102	57
CURTIS_H004264_T01_01_WG01	206	119	14	17	0	5
CURTIS_H004393_T01_01_WG01	11	0	0	8	0	0
CURTIS_H001639_T01_01_WG01	1	8	0	2	0	4
CURTIS_H001652_T01_01_WG01	0	57	9	55	12	79
CURTIS_H004620_T01_01_WG01	0	35	0	6	0	1
CURTIS_H001640_T01_01_WG01	19	3	23	4	1	0
CURTIS_H000485_T01_01_WG01	94	50	100	10	6	16
CURTIS_H004329_T01_01_WG01	50	32	35	12	7	30
CURTIS_H004554_T01_01_WG01	18	7	23	4	2	6
CURTIS_H001729_T01_01_WG01	34	0	2	1	0	1
CURTIS_H004748_T01_01_WG01	0	32	6	29	0	4
CURTIS_H001709_T01_01_WG01	24	33	0	2	0	1
CURTIS_H004521_T01_01_WG01	2	9	8	0	0	0
CURTIS_H004037_T01_01_WG01	0	27	0	36	6	17
CURTIS_H004450_T01_01_WG01	250	81	551	11	5	28
CURTIS_H004517_T01_01_WG01	26	53	37	22	1	0
CURTIS_H000487_T01_01_WG01	40	46	18	10	0	18
CURTIS_H004416_T01_01_WG01	0	43	0	5	0	87
CURTIS_H002096_T01_01_WG01	10	57	24	36	98	8
CURTIS_H004404_T01_01_WG01	76	44	6	0	0	2
CURTIS_H004558_T01_01_WG01	41	24	9	17	23	48
CURTIS_H004427_T01_01_WG01	27	5	8	3	0	3
CURTIS_H000412_T01_01_WG01	147	0	190	5	0	0
CURTIS_H000388_T01_01_WG01	0	40	0	80	0	50
CURTIS_H000384_T01_01_WG01	0	2	0	53	183	74
CURTIS_H004744_T01_01_WG01	54	83	12	0	0	59
CURTIS_H004079_T01_01_WG01	131	35	20	5	2	27
CURTIS_H000535_T01_01_WG01	133	9	68	12	0	0
CURTIS_H000436_T01_01_WG01	3	4	11	1	0	3
CURTIS_H004143_T01_01_WG01	130	117	19	176	0	36
CURTIS_H004136_T01_01_WG01	150	161	73	20	53	81
CURTIS_H004028_T01_01_WG01	29	11	1	0	0	0
CURTIS_H004158_T01_01_WG01	292	39	154	55	6	22
CURTIS_H002099_T01_01_WG01	0	93	0	17	205	169
CURTIS_H004457_T01_01_WG01	6	80	2	98	3	9
CURTIS_H004535_T01_01_WG01	24	27	3	23	1	0
CURTIS_H002079_T01_01_WG01	1	107	128	15	0	12
CURTIS_H000472_T01_01_WG01	52	26	37	13	0	6
CURTIS_H001605_T01_01_WG01	0	113	4	98	138	11
CURTIS_H001509_T01_01_WG01	64	8	1	4	0	0
CURTIS_H004498_T01_01_WG01	282	125	220	24	2	26
CURTIS_H000482_T01_01_WG01	28	134	8	18	4	12
CURTIS_H000431_T01_01_WG01	2	2	0	1	0	0
CURTIS_H004038_T01_01_WG01	114	41	30	18	0	12
CURTIS_H001673_T01_01_WG01	334	58	303	6	7	1
CURTIS_H004633_T01_01_WG01	30	53	38	45	0	4
CURTIS_H004031_T01_01_WG01	130	84	95	19	1	44
CURTIS_H004008_T02_01_WG01	140	95	39	20	0	42
CURTIS_H001716_T01_01_WG01	196	114	59	60	106	23
CURTIS_H004541_T01_01_WG01	0	4	0	14	0	5
CURTIS_H004759_T01_01_WG01	32	136	50	1	0	34
CURTIS_H004226_T01_01_WG01	105	11	86	64	4	13
CURTIS_H004200_T01_01_WG01	13	85	19	88	8	5
CURTIS_H004229_T01_01_WG01	140	145	69	8	4	15
CURTIS_H000483_T01_01_WG01	7	50	0	0	2	0
CURTIS_H000454_T01_01_WG01	154	25	310	6	0	2
CURTIS_H001522_T01_01_WG01	9	7	18	3	0	0
CURTIS_H004006_T01_01_WG01	172	0	18	56	77	49
CURTIS_H004762_T01_01_WG01	139	189	9	38	0	488
CURTIS_H001418_T01_01_WG01	10	2	45	4	1	0
CURTIS_H004065_T01_01_WG01	0	3	0	16	4	0
CURTIS_H004403_T01_01_WG01	211	13	43	2	0	6
CURTIS_H004484_T01_01_WG01	56	24	38	4	0	0
CURTIS_H001648_T01_01_WG01	68	19	2	15	8	7
CURTIS_H004020_T01_01_WG01	131	43	56	19	3	2
CURTIS_H004617_T01_01_WG01	0	269	58	253	21	18
CURTIS_H002032_T01_01_WG01	0	98	1	47	206	47
CURTIS_H004197_T01_01_WG01	174	134	108	78	18	31
CURTIS_H004248_T01_01_WG01	2	5	0	4	0	2
CURTIS_H004007_T01_01_WG01	169	149	249	17	7	5
CURTIS_H004742_T01_01_WG01	86	17	31	14	6	5
CURTIS_H002043_T01_01_WG01	0	16	0	86	92	2
CURTIS_H004159_T02_01_WG01	100	62	14	8	1	3
CURTIS_H004140_T01_01_WG01	69	47	69	31	0	16
CURTIS_H004274_T01_01_WG01	0	32	0	0	1	13
CURTIS_H000399_T01_01_WG01	72	93	9	53	145	56
CURTIS_H004683_T01_01_WG01	42	7	32	5	0	7
CURTIS_H004533_T01_01_WG01	134	71	20	54	0	11
CURTIS_H000473_T01_01_WG01	14	0	5	1	1	0
CURTIS_H000533_T01_01_WG01	71	22	46	49	19	21
CURTIS_H004662_T01_01_WG01	4	18	14	21	0	5
CURTIS_H004755_T01_01_WG01	13	302	226	144	0	42
CURTIS_H004648_T01_01_WG01	61	82	25	32	3	18
CURTIS_H004487_T01_01_WG01	2	36	3	0	3	9
CURTIS_H002082_T01_01_WG01	0	42	0	79	0	0
CURTIS_H004693_T01_01_WG01	216	106	352	25	0	13
CURTIS_H001637_T01_01_WG01	281	20	78	19	0	2
CURTIS_H004119_T01_01_WG01	0	216	5	389	81	3
CURTIS_H001417_T01_01_WG01	233	26	81	21	0	1
CURTIS_H004077_T01_01_WG01	10	48	18	16	0	19
CURTIS_H001700_T01_01_WG01	151	56	93	6	2	13
CURTIS_H004400_T01_01_WG01	19	46	18	29	3	26
CURTIS_H004453_T01_01_WG01	0	0	0	51	369	82
CURTIS_H002070_T01_01_WG01	34	25	2	17	1	0
CURTIS_H004525_T01_01_WG01	203	51	51	37	0	14
CURTIS_H001650_T01_01_WG01	39	14	0	4	0	4
CURTIS_H001573_T01_01_WG01	0	2	0	0	0	0
CURTIS_H000518_T01_01_WG01	28	0	45	40	0	3
CURTIS_H004337_T01_01_WG01	42	79	41	17	0	58
CURTIS_H001532_T01_01_WG01	8	17	9	5	0	1
CURTIS_H002060_T01_01_WG01	8	114	1	34	219	69
CURTIS_H004419_T01_01_WG01	1	0	9	76	678	217
CURTIS_H002053_T01_01_WG01	60	21	7	41	24	97
CURTIS_H001565_T01_01_WG01	8	4	6	0	0	0
CURTIS_H004432_T01_01_WG01	20	71	34	14	2	3
CURTIS_H001626_T01_01_WG01	22	53	29	11	0	5
CURTIS_H004477_T01_01_WG01	61	27	90	18	5	9
CURTIS_H004570_T01_01_WG01	15	17	0	3	0	0
CURTIS_H001457_T01_01_WG01	36	4	11	3	0	1
CURTIS_H004228_T01_01_WG01	42	107	61	38	9	41
CURTIS_H001641_T01_01_WG01	16	13	0	5	0	1
CURTIS_H004292_T01_01_WG01	5	9	0	0	1	0
CURTIS_H004363_T01_01_WG01	0	34	0	3	0	0
CURTIS_H001397_T01_01_WG01	8	9	2	0	0	3
CURTIS_H004586_T01_01_WG01	89	25	10	1	1	4
CURTIS_H004689_T01_01_WG01	22	4	0	3	0	3
CURTIS_H000576_T01_01_WG01	0	33	0	3	409	1
CURTIS_H004719_T01_01_WG01	45	36	100	19	0	4
CURTIS_H004056_T02_01_WG01	0	3	0	6	2	9
CURTIS_H001413_T01_01_WG01	0	8	0	8	0	10
CURTIS_H001514_T01_01_WG01	0	3	0	0	0	0
CURTIS_H001530_T01_01_WG01	13	4	14	0	0	0
CURTIS_H004567_T01_01_WG01	8	30	2	17	5	41
CURTIS_H000402_T01_01_WG01	10	1	12	5	0	0
CURTIS_H004591_T01_01_WG01	123	27	4	17	0	10
CURTIS_H004231_T01_01_WG01	90	93	1	5	1	6
CURTIS_H004715_T01_01_WG01	5	66	30	93	7	79
CURTIS_H004206_T01_01_WG01	436	38	0	0	0	22
CURTIS_H000570_T01_01_WG01	40	54	21	19	1	25
CURTIS_H004739_T01_01_WG01	68	26	62	14	0	60
CURTIS_H004671_T01_01_WG01	24	45	49	29	0	7
CURTIS_H002042_T01_01_WG01	8	15	0	6	0	5
CURTIS_H000504_T01_01_WG01	12	19	0	34	3	9
CURTIS_H000565_T01_01_WG01	91	23	0	29	9	8
CURTIS_H002034_T01_01_WG01	2	17	0	4	89	12
CURTIS_H001427_T01_01_WG01	29	13	33	4	0	4
CURTIS_H004505_T01_01_WG01	0	41	0	192	4	3
CURTIS_H004455_T01_01_WG01	288	143	72	1	0	11
CURTIS_H002061_T01_01_WG01	0	73	1	42	128	73
CURTIS_H004238_T01_01_WG01	24	17	12	9	4	0
CURTIS_H001561_T01_01_WG01	0	39	1	36	0	1
CURTIS_H004464_T01_01_WG01	36	157	41	8	3	29
CURTIS_H004354_T01_01_WG01	0	63	4	169	0	173
CURTIS_H004575_T01_01_WG01	56	29	16	16	3	0
CURTIS_H004661_T01_01_WG01	215	37	52	25	11	5
CURTIS_H001512_T01_01_WG01	2	55	4	0	2	0
CURTIS_H004423_T04_01_WG01	50	113	24	32	0	7
CURTIS_H002062_T01_01_WG01	0	182	2	56	231	14
CURTIS_H001752_T01_01_WG01	22	3	11	1	0	0
CURTIS_H004096_T01_01_WG01	31	6	2	13	0	0
CURTIS_H004342_T01_01_WG01	0	2	21	8	0	1
CURTIS_H000793_T01_01_WG01	6	0	1	22	3	94
CURTIS_H001741_T01_01_WG01	19	8	12	4	2	1
CURTIS_H004409_T01_01_WG01	0	146	5	219	12	20
CURTIS_H001649_T01_01_WG01	41	13	13	11	0	13
CURTIS_H004178_T01_01_WG01	28	115	43	35	8	13
CURTIS_H000505_T01_01_WG01	90	82	51	10	1	4
CURTIS_H004130_T01_01_WG01	163	30	66	6	0	15
CURTIS_H000526_T01_01_WG01	21	0	10	7	1	2
CURTIS_H004149_T01_01_WG01	0	59	14	205	7	8
CURTIS_H004512_T01_01_WG01	238	50	15	0	1	6
CURTIS_H001725_T01_01_WG01	0	29	0	0	0	11
CURTIS_H004293_T01_01_WG01	65	21	69	11	7	29
CURTIS_H000447_T01_01_WG01	0	0	0	0	1	0
CURTIS_H000389_T01_01_WG01	11	74	2	100	6	0
CURTIS_H004588_T01_01_WG01	74	206	77	282	0	88
CURTIS_H004019_T01_01_WG01	59	23	27	0	0	0
CURTIS_H001690_T01_01_WG01	108	90	244	21	4	15
CURTIS_H004345_T01_01_WG01	229	24	216	53	0	129
CURTIS_H000589_T01_01_WG01	0	113	0	30	268	0
CURTIS_H004109_T02_01_WG01	18	45	0	0	0	7
CURTIS_H000423_T01_01_WG01	1	0	0	8	3	2
CURTIS_H004092_T02_01_WG01	182	81	69	17	0	14
CURTIS_H001450_T01_01_WG01	0	4	0	7	0	0
CURTIS_H004681_T01_01_WG01	96	1	38	8	0	5
CURTIS_H004235_T01_01_WG01	11	68	2	12	2	2
CURTIS_H004357_T01_01_WG01	31	26	0	8	0	4
CURTIS_H004138_T01_01_WG01	75	82	70	0	2	6
CURTIS_H004424_T01_01_WG01	32	27	11	24	0	19
CURTIS_H001403_T01_01_WG01	65	8	32	6	1	5
CURTIS_H004647_T01_01_WG01	1	3	0	16	0	5
CURTIS_H004602_T01_01_WG01	327	89	274	19	3	19
CURTIS_H002086_T01_01_WG01	0	84	7	39	222	64
CURTIS_H004058_T02_01_WG01	117	38	25	18	18	10
CURTIS_H004589_T01_01_WG01	12	47	3	36	3	12
CURTIS_H004454_T01_01_WG01	88	139	82	99	0	149
CURTIS_H001456_T01_01_WG01	0	5	0	2	0	0
CURTIS_H001594_T01_01_WG01	0	0	0	61	1	18
CURTIS_H001706_T01_01_WG01	7	12	0	1	0	23
CURTIS_H004605_T01_01_WG01	114	36	16	0	1	0
CURTIS_H004072_T01_01_WG01	12	59	0	27	0	23
CURTIS_H004014_T01_01_WG01	211	74	231	0	0	6
CURTIS_H001623_T01_01_WG01	0	0	3	0	288	40
CURTIS_H001692_T01_01_WG01	26	67	0	15	1	1
CURTIS_H004098_T01_01_WG01	0	119	0	183	246	45
CURTIS_H004530_T01_01_WG01	64	80	60	0	5	2
CURTIS_H001434_T01_01_WG01	15	4	0	5	0	0
CURTIS_H004131_T01_01_WG01	68	65	18	10	9	10
CURTIS_H000459_T01_01_WG01	0	18	0	2	0	0
CURTIS_H001636_T01_01_WG01	27	43	11	13	0	9
CURTIS_H004735_T01_01_WG01	73	0	0	15	0	15
CURTIS_H000469_T01_01_WG01	0	4	0	0	0	0
CURTIS_H004740_T01_01_WG01	100	23	48	21	0	27
CURTIS_H004294_T01_01_WG01	39	38	7	17	0	44
CURTIS_H001624_T01_01_WG01	0	4	0	0	0	0
CURTIS_H004222_T01_01_WG01	0	26	0	0	1	5
CURTIS_H001704_T01_01_WG01	12	16	17	6	1	1
CURTIS_H004486_T01_01_WG01	163	212	94	48	1	259
CURTIS_H002039_T01_01_WG01	0	30	0	95	145	7
CURTIS_H004151_T01_01_WG01	5	0	0	0	489	25
CURTIS_H004542_T01_01_WG01	6	102	23	152	1	1
CURTIS_H004560_T01_01_WG01	0	3	0	15	0	9
CURTIS_H001459_T01_01_WG01	121	31	156	2	0	10
CURTIS_H001717_T01_01_WG01	99	23	44	9	0	2
CURTIS_H004502_T01_01_WG01	0	23	0	86	472	17
CURTIS_H001562_T01_01_WG01	13	10	2	6	0	1
CURTIS_H000508_T01_01_WG01	0	42	0	10	0	117
CURTIS_H001439_T01_01_WG01	15	6	4	0	0	0
CURTIS_H004355_T01_01_WG01	233	65	31	6	6	3
CURTIS_H004339_T01_01_WG01	64	99	141	0	0	5
CURTIS_H004469_T01_01_WG01	5	1	14	0	0	7
CURTIS_H000489_T01_01_WG01	81	72	42	0	0	5
CURTIS_H004626_T01_01_WG01	62	22	50	13	0	5
CURTIS_H004699_T01_01_WG01	5	32	0	134	25	18
CURTIS_H002092_T01_01_WG01	62	123	22	88	42	164
CURTIS_H004713_T01_01_WG01	2	34	0	46	0	8
CURTIS_H004043_T01_01_WG01	0	20	7	5	0	0
CURTIS_H004411_T01_01_WG01	18	11	14	28	4	7
CURTIS_H004277_T01_01_WG01	22	104	7	79	0	13
CURTIS_H001661_T01_01_WG01	0	0	0	1	0	0
CURTIS_H000379_T01_01_WG01	0	20	0	21	164	14
CURTIS_H004564_T01_01_WG01	5	111	39	148	0	11
CURTIS_H002056_T01_01_WG01	0	22	0	201	28	81
CURTIS_H004361_T01_01_WG01	7	13	0	0	2	0
CURTIS_H001445_T01_01_WG01	7	166	18	48	104	59
CURTIS_H004604_T01_01_WG01	66	48	9	0	1	3
CURTIS_H000579_T01_01_WG01	15	59	1	7	1	27
CURTIS_H004572_T01_01_WG01	48	41	1	17	23	3
CURTIS_H004711_T01_01_WG01	49	32	0	30	9	15
CURTIS_H002094_T01_01_WG01	8	15	11	1	0	5
CURTIS_H001470_T01_01_WG01	0	19	0	0	0	0
CURTIS_H004018_T01_01_WG01	342	38	1	2	0	8
CURTIS_H004196_T01_01_WG01	58	8	24	5	0	8
CURTIS_H004220_T01_01_WG01	0	15	0	20	2	16
CURTIS_H000587_T01_01_WG01	165	18	98	2	0	1
CURTIS_H001485_T01_01_WG01	92	33	26	4	0	1
CURTIS_H004718_T01_01_WG01	6	21	7	3	2	2
CURTIS_H004199_T01_01_WG01	28	139	17	37	3	7
CURTIS_H001601_T01_01_WG01	0	52	0	59	104	32
CURTIS_H000525_T01_01_WG01	25	8	3	0	0	0
CURTIS_H004234_T01_01_WG01	3	8	6	11	2	1
CURTIS_H004549_T01_01_WG01	4	35	5	5	0	0
CURTIS_H001424_T01_01_WG01	0	22	8	0	1	0
CURTIS_H004462_T01_01_WG01	12	17	14	9	0	0
CURTIS_H001689_T01_01_WG01	10	1	32	0	1	0
CURTIS_H001708_T01_01_WG01	26	15	25	0	0	5
CURTIS_H004120_T01_01_WG01	53	103	30	43	30	40
CURTIS_H004396_T01_01_WG01	5	47	21	17	0	130
CURTIS_H000415_T01_01_WG01	87	42	136	0	0	17
CURTIS_H001604_T01_01_WG01	2	17	8	0	1	0
CURTIS_H004383_T01_01_WG01	0	6	0	0	0	0
CURTIS_H001415_T01_01_WG01	21	29	42	4	0	2
CURTIS_H001630_T01_01_WG01	38	66	53	66	6	5
CURTIS_H004219_T01_01_WG01	131	119	135	45	1	6
CURTIS_H004756_T01_01_WG01	13	78	3	36	76	8
CURTIS_H001625_T01_01_WG01	0	64	0	35	0	0
CURTIS_H004429_T01_01_WG01	44	21	4	8	2	1
CURTIS_H004326_T01_01_WG01	9	44	1	119	0	13
CURTIS_H002068_T01_01_WG01	0	59	0	0	311	2
CURTIS_H004774_T01_01_WG01	45	1	38	7	3	35
CURTIS_H004777_T01_01_WG01	5	17	5	68	0	10
CURTIS_H001737_T01_01_WG01	0	17	0	0	1	0
CURTIS_H004765_T01_01_WG01	0	31	0	29	172	33
CURTIS_H004690_T01_01_WG01	189	189	289	61	0	14
CURTIS_H000456_T01_01_WG01	56	1	1	2	0	9
CURTIS_H000578_T01_01_WG01	1	74	25	162	1	6
CURTIS_H004621_T02_01_WG01	29	55	1	17	2	5
CURTIS_H004144_T01_01_WG01	0	99	3	136	5	0
CURTIS_H004254_T01_01_WG01	13	19	0	4	0	2
CURTIS_H004280_T01_01_WG01	0	38	7	14	0	10
CURTIS_H004142_T01_01_WG01	56	285	140	0	7	15
CURTIS_H004673_T01_01_WG01	46	90	37	31	0	90
CURTIS_H004271_T02_01_WG01	108	94	55	6	0	23
CURTIS_H004610_T01_01_WG01	0	93	5	133	7	19
CURTIS_H000400_T01_01_WG01	233	24	144	4	1	0
CURTIS_H002036_T01_01_WG01	1	10	0	2	0	2
CURTIS_H000567_T01_01_WG01	0	39	3	206	3	2
CURTIS_H000442_T01_01_WG01	15	29	8	68	0	5
CURTIS_H004304_T01_01_WG01	294	138	353	80	13	72
CURTIS_H004224_T01_01_WG01	1	11	0	1	0	0
CURTIS_H002035_T01_01_WG01	2	0	0	0	85	1
CURTIS_H001597_T01_01_WG01	0	62	3	34	119	14
CURTIS_H004624_T01_01_WG01	5	60	11	9	1	0
CURTIS_H001580_T01_01_WG01	1	25	0	30	345	82
CURTIS_H004496_T01_01_WG01	1	18	0	2	0	0
CURTIS_H000574_T01_01_WG01	0	15	3	39	128	30
CURTIS_H004773_T01_01_WG01	71	69	101	2	0	5
CURTIS_H001502_T01_01_WG01	0	0	0	1	0	0
CURTIS_H004128_T01_01_WG01	0	5	0	7	2	1
CURTIS_H001587_T01_01_WG01	0	74	0	92	2	7
CURTIS_H004242_T01_01_WG01	114	37	8	81	3	17
CURTIS_H004497_T01_01_WG01	0	11	7	25	1	7
CURTIS_H004331_T01_01_WG01	0	103	4	157	374	236
CURTIS_H004436_T01_01_WG01	124	63	117	0	0	1
CURTIS_H004557_T01_01_WG01	94	21	107	18	0	14
CURTIS_H004298_T01_01_WG01	32	27	3	30	0	16
CURTIS_H004642_T01_01_WG01	139	6	115	15	2	14
CURTIS_H001546_T01_01_WG01	0	28	0	4	0	3
CURTIS_H004433_T01_01_WG01	15	2	1	5	0	0
CURTIS_H002064_T01_01_WG01	0	1	0	0	0	0
CURTIS_H004534_T01_01_WG01	130	208	83	20	0	288
CURTIS_H004518_T01_01_WG01	22	106	68	89	24	145
CURTIS_H004583_T01_01_WG01	0	75	2	23	4	3
CURTIS_H001435_T01_01_WG01	6	29	7	2	0	0
CURTIS_H004237_T01_01_WG01	16	10	28	10	1	2
CURTIS_H004504_T01_01_WG01	64	19	25	13	0	6
CURTIS_H004274_T02_01_WG01	86	34	4	5	0	38
CURTIS_H001582_T01_01_WG01	0	12	0	48	0	7
CURTIS_H004402_T01_01_WG01	0	28	0	187	3	1
CURTIS_H001645_T01_01_WG01	0	0	0	0	130	11
CURTIS_H004524_T01_01_WG01	0	249	17	242	20	14
CURTIS_H002076_T01_01_WG01	0	2	0	0	0	0
CURTIS_H004473_T01_01_WG01	21	54	29	24	0	1
CURTIS_H001523_T01_01_WG01	0	3	0	1	0	0
CURTIS_H001422_T01_01_WG01	21	13	17	21	9	28
CURTIS_H001473_T01_01_WG01	0	6	0	3	0	8
CURTIS_H001396_T01_01_WG01	0	30	0	3	1	3
CURTIS_H004367_T01_01_WG01	418	36	799	0	5	10
CURTIS_H004580_T01_01_WG01	59	39	12	20	11	6
CURTIS_H004279_T01_01_WG01	15	79	8	0	3	0
CURTIS_H004296_T01_01_WG01	25	121	14	5	2	545
CURTIS_H004725_T01_01_WG01	89	96	117	17	18	49
CURTIS_H004270_T01_01_WG01	120	109	84	7	0	8
CURTIS_H004086_T01_01_WG01	3	2	33	5	0	6
CURTIS_H004076_T01_01_WG01	159	236	100	46	13	38
CURTIS_H004698_T01_01_WG01	111	81	238	7	0	13
CURTIS_H004161_T01_01_WG01	0	4	0	3	0	3
CURTIS_H004485_T01_01_WG01	29	62	7	22	2	6
CURTIS_H001662_T01_01_WG01	16	54	5	37	5	34
CURTIS_H000577_T01_01_WG01	31	21	29	48	3	8
CURTIS_H001484_T01_01_WG01	98	0	0	43	0	0
CURTIS_H002041_T01_01_WG01	4	41	10	15	0	1
CURTIS_H001592_T01_01_WG01	0	9	0	34	141	4
CURTIS_H004640_T01_01_WG01	11	14	29	3	0	0
CURTIS_H004625_T01_01_WG01	29	34	2	2	0	20
CURTIS_H004152_T01_01_WG01	84	77	20	47	1	5
CURTIS_H000495_T01_01_WG01	7	0	0	0	0	0
CURTIS_H004754_T01_01_WG01	3	14	7	21	0	14
CURTIS_H004772_T01_01_WG01	307	163	377	10	8	10
CURTIS_H004537_T01_01_WG01	3	0	6	64	33	171
CURTIS_H004643_T01_01_WG01	635	213	274	0	0	253
CURTIS_H000536_T01_01_WG01	37	32	16	18	2	1
CURTIS_H001581_T01_01_WG01	136	83	29	4	4	7
CURTIS_H004657_T01_01_WG01	89	95	48	24	0	16
CURTIS_H004459_T01_01_WG01	0	73	1	75	555	0
CURTIS_H004343_T01_01_WG01	470	237	73	68	8	41
CURTIS_H001559_T01_01_WG01	24	20	5	2	1	3
CURTIS_H000403_T01_01_WG01	0	115	2	106	337	67
CURTIS_H004126_T01_01_WG01	11	11	0	5	0	1
CURTIS_H004214_T01_01_WG01	4	18	24	32	4	40
CURTIS_H001539_T01_01_WG01	5	16	19	0	0	4
CURTIS_H004425_T01_01_WG01	245	82	163	18	0	56
CURTIS_H001524_T01_01_WG01	21	3	17	0	2	0
CURTIS_H004771_T01_01_WG01	59	47	17	5	2	8
CURTIS_H004438_T01_01_WG01	106	4	215	20	0	137
CURTIS_H004470_T01_01_WG01	12	25	0	54	17	46
CURTIS_H004607_T01_01_WG01	74	162	17	32	5	13
CURTIS_H004677_T01_01_WG01	322	116	93	69	12	16
CURTIS_H000433_T01_01_WG01	0	1	0	0	0	0
CURTIS_H000416_T01_01_WG01	16	7	4	1	0	0
CURTIS_H001451_T01_01_WG01	7	8	2	1	0	0
CURTIS_H004519_T01_01_WG01	25	33	0	17	0	3
CURTIS_H001666_T01_01_WG01	0	54	0	36	2	4
CURTIS_H000404_T01_01_WG01	0	3	0	2	0	0
CURTIS_H001711_T01_01_WG01	0	1	0	1	0	0
CURTIS_H004526_T01_01_WG01	59	50	13	5	1	2
CURTIS_H001501_T01_01_WG01	2	5	0	12	0	1
CURTIS_H004592_T01_01_WG01	47	40	34	7	0	1
CURTIS_H004449_T01_01_WG01	0	16	0	16	0	61
CURTIS_H000409_T01_01_WG01	0	23	4	72	0	332
CURTIS_H004247_T01_01_WG01	0	51	8	138	17	12
CURTIS_H001574_T01_01_WG01	0	6	0	9	0	4
CURTIS_H001557_T01_01_WG01	0	0	0	4	0	0
CURTIS_H004456_T01_01_WG01	58	17	102	33	0	6
CURTIS_H000387_T01_01_WG01	96	37	49	1	0	4
CURTIS_H004109_T01_01_WG01	30	48	33	0	0	9
CURTIS_H004281_T01_01_WG01	118	27	43	6	0	8
CURTIS_H000529_T01_01_WG01	45	0	41	5	0	2
CURTIS_H004335_T01_01_WG01	558	153	272	15	1	31
CURTIS_H001619_T01_01_WG01	5	12	0	42	281	17
CURTIS_H004627_T01_01_WG01	0	65	0	80	9	6
CURTIS_H004418_T01_01_WG01	56	41	1	10	0	106
CURTIS_H004218_T01_01_WG01	73	2	55	10	0	1
CURTIS_H002047_T01_01_WG01	30	31	30	20	4	3
CURTIS_H001584_T01_01_WG01	0	82	0	45	48	7
CURTIS_H000418_T01_01_WG01	1	24	4	1	0	3
CURTIS_H004608_T01_01_WG01	148	88	13	204	0	18
CURTIS_H002040_T01_01_WG01	0	20	0	13	118	7
CURTIS_H000383_T01_01_WG01	0	50	2	8	122	18
CURTIS_H004596_T01_01_WG01	10	82	12	7	3	7
CURTIS_H004312_T01_01_WG01	35	85	56	120	19	22
CURTIS_H004118_T01_01_WG01	43	11	38	15	2	0
CURTIS_H004446_T01_01_WG01	4	59	0	16	11	5
CURTIS_H001595_T01_01_WG01	34	33	2	9	0	2
CURTIS_H004736_T01_01_WG01	35	93	41	93	12	57
CURTIS_H004221_T01_01_WG01	432	196	218	6	9	8
CURTIS_H000401_T01_01_WG01	0	39	0	58	87	3
CURTIS_H001488_T01_01_WG01	45	30	88	5	3	6
CURTIS_H004295_T01_01_WG01	45	81	15	18	0	78
CURTIS_H001599_T01_01_WG01	0	0	0	6	3	2
CURTIS_H002054_T01_01_WG01	0	130	8	67	7	6
CURTIS_H004618_T01_01_WG01	43	31	16	22	2	0
CURTIS_H004420_T01_01_WG01	54	26	81	22	7	3
CURTIS_H004305_T01_01_WG01	337	158	321	18	0	9
CURTIS_H001486_T01_01_WG01	212	28	65	14	0	3
CURTIS_H001727_T01_01_WG01	231	0	83	0	0	0
CURTIS_H004717_T01_01_WG01	190	36	147	41	25	14
CURTIS_H004492_T01_01_WG01	9	52	17	120	524	63
CURTIS_H001516_T01_01_WG01	5	41	27	168	10	27
CURTIS_H001460_T01_01_WG01	1	1	0	0	0	0
CURTIS_H001492_T01_01_WG01	34	71	11	34	0	9
CURTIS_H003223_T01_01_WG01	236	28	205	26	3	16
CURTIS_H001550_T01_01_WG01	45	67	129	14	0	12
CURTIS_H000546_T01_01_WG01	0	58	4	289	7	0
CURTIS_H002097_T01_01_WG01	4	26	6	50	0	34
CURTIS_H004545_T01_01_WG01	77	76	18	30	0	16
CURTIS_H004615_T01_01_WG01	130	62	4	56	1	7
CURTIS_H000550_T01_01_WG01	0	74	2	15	266	20
CURTIS_H004668_T01_01_WG01	46	1	25	12	0	0
CURTIS_H004581_T01_01_WG01	0	141	0	228	254	57
CURTIS_H000575_T01_01_WG01	0	36	0	22	57	21
CURTIS_H004253_T01_01_WG01	0	145	7	0	429	21
CURTIS_H004282_T01_01_WG01	167	41	111	26	0	3
CURTIS_H004603_T01_01_WG01	135	216	256	32	15	13
CURTIS_H004669_T01_01_WG01	140	5	95	25	0	0
CURTIS_H004587_T01_01_WG01	62	74	35	11	0	28
CURTIS_H004479_T01_01_WG01	20	19	0	2	1	1
CURTIS_H004171_T01_01_WG01	77	18	120	20	0	7
CURTIS_H001419_T01_01_WG01	19	32	15	6	0	2
CURTIS_H000506_T01_01_WG01	14	114	91	100	5	18
CURTIS_H004079_T02_01_WG01	132	12	20	7	3	18
CURTIS_H004082_T02_01_WG01	0	32	0	0	1	0
CURTIS_H001423_T01_01_WG01	22	2	0	1	1	2
CURTIS_H001680_T01_01_WG01	25	5	45	7	0	1
CURTIS_H001436_T01_01_WG01	30	28	23	6	2	3
CURTIS_H004055_T01_01_WG01	256	353	312	21	14	10
CURTIS_H004283_T01_01_WG01	48	143	55	8	8	4
CURTIS_H004764_T01_01_WG01	89	63	70	7	0	1
CURTIS_H000514_T01_01_WG01	0	135	6	46	396	22
CURTIS_H004579_T01_01_WG01	5	75	9	4	2	1
CURTIS_H001590_T01_01_WG01	0	105	9	95	98	39
CURTIS_H004595_T01_01_WG01	13	27	0	5	0	0
CURTIS_H000724_T01_01_WG01	2	2	0	6	0	0
CURTIS_H004189_T01_01_WG01	48	0	26	0	1	3
CURTIS_H001681_T01_01_WG01	36	0	4	2	0	0
CURTIS_H004441_T01_01_WG01	5	64	4	0	0	4
CURTIS_H004422_T01_01_WG01	128	124	238	86	0	14
CURTIS_H004286_T01_01_WG01	161	71	74	70	11	46
CURTIS_H000552_T01_01_WG01	6	13	4	0	0	0
CURTIS_H001687_T01_01_WG01	241	114	102	12	6	4
CURTIS_H004236_T01_01_WG01	67	85	114	61	12	41
CURTIS_H004187_T01_01_WG01	43	49	91	106	7	28
CURTIS_H004112_T01_01_WG01	0	47	1	5	258	24
CURTIS_H004495_T01_01_WG01	0	18	0	12	2	2
CURTIS_H004050_T01_01_WG01	46	8	20	4	0	0
CURTIS_H004123_T01_01_WG01	44	10	97	22	5	16
CURTIS_H004188_T02_01_WG01	125	0	52	18	0	2
CURTIS_H000541_T01_01_WG01	0	81	8	52	0	2
CURTIS_H001667_T01_01_WG01	8	20	1	27	0	4
CURTIS_H001497_T01_01_WG01	61	28	4	10	0	4
CURTIS_H004177_T01_01_WG01	313	154	130	0	0	2
CURTIS_H001651_T01_01_WG01	52	16	1	5	1	33
CURTIS_H000488_T01_01_WG01	0	3	0	0	0	0
CURTIS_H004041_T01_01_WG01	18	1	4	25	482	45
CURTIS_H004049_T01_01_WG01	8	0	3	49	35	22
CURTIS_H001656_T01_01_WG01	45	31	4	8	0	4
CURTIS_H001402_T01_01_WG01	89	9	20	4	0	1
CURTIS_H004093_T02_01_WG01	113	171	60	49	0	41
CURTIS_H004638_T01_01_WG01	104	33	46	18	5	21
CURTIS_H001688_T01_01_WG01	58	50	58	7	0	3
CURTIS_H004371_T01_01_WG01	17	52	0	0	0	20
CURTIS_H001409_T01_01_WG01	1	0	0	0	0	0
CURTIS_H000414_T01_01_WG01	43	11	26	51	473	38
CURTIS_H004289_T01_01_WG01	287	153	78	41	3	11
CURTIS_H004582_T01_01_WG01	14	0	14	4	0	0
CURTIS_H001655_T01_01_WG01	12	70	2	0	0	4
CURTIS_H001500_T01_01_WG01	0	7	0	4	1	1
CURTIS_H001510_T01_01_WG01	277	234	612	0	7	19
CURTIS_H001617_T01_01_WG01	0	1	0	3	0	13
CURTIS_H004714_T01_01_WG01	188	281	179	15	0	52
CURTIS_H004023_T01_01_WG01	11	30	10	4	0	4
CURTIS_H002058_T01_01_WG01	0	17	3	9	123	0
CURTIS_H004027_T01_01_WG01	40	39	18	24	0	0
CURTIS_H004098_T02_01_WG01	0	148	0	221	263	57
CURTIS_H004614_T01_01_WG01	4	6	0	0	0	0
CURTIS_H001600_T01_01_WG01	43	76	18	23	0	2
CURTIS_H004514_T01_01_WG01	47	18	13	5	0	1
CURTIS_H004399_T01_01_WG01	25	26	4	20	0	2
CURTIS_H001606_T01_01_WG01	0	25	0	25	120	31
CURTIS_H002033_T01_01_WG01	0	110	0	120	256	23
CURTIS_H004148_T01_01_WG01	82	98	33	50	0	20
CURTIS_H004008_T01_01_WG01	162	136	64	13	4	17
CURTIS_H001683_T01_01_WG01	20	60	8	23	3	23
CURTIS_H004092_T01_01_WG01	178	62	74	30	1	7
CURTIS_H002087_T01_01_WG01	0	46	0	31	212	7
CURTIS_H004347_T01_01_WG01	29	5	129	14	0	25
CURTIS_H004660_T01_01_WG01	71	132	56	58	0	112
CURTIS_H001585_T01_01_WG01	51	36	50	3	0	4
CURTIS_H004313_T01_01_WG01	259	14	17	35	9	18
CURTIS_H001628_T01_01_WG01	0	26	0	3	8	25
CURTIS_H004421_T01_01_WG01	191	61	105	28	0	11
CURTIS_H000453_T01_01_WG01	22	129	3	74	6	2
CURTIS_H004299_T01_01_WG01	27	30	62	16	2	4
CURTIS_H004674_T01_01_WG01	142	374	185	35	26	36
CURTIS_H004358_T01_01_WG01	16	48	5	12	0	95
CURTIS_H004070_T02_01_WG01	41	31	27	6	1	1
CURTIS_H004672_T01_01_WG01	0	61	0	116	2	2
CURTIS_H004722_T01_01_WG01	41	39	9	4	0	3
CURTIS_H000492_T01_01_WG01	0	4	0	0	0	0
CURTIS_H004687_T01_01_WG01	26	44	14	8	0	4
CURTIS_H004376_T01_01_WG01	217	17	49	18	4	3
CURTIS_H004538_T01_01_WG01	82	74	2	10	5	7
CURTIS_H004011_T01_01_WG01	0	50	0	16	2	2
CURTIS_H004682_T01_01_WG01	19	18	12	27	0	3
CURTIS_H002093_T01_01_WG01	0	31	0	104	2	25
CURTIS_H000557_T01_01_WG01	0	13	0	1	0	0
CURTIS_H001462_T01_01_WG01	93	29	14	18	0	8
CURTIS_H001420_T01_01_WG01	0	7	0	0	0	0
CURTIS_H004255_T01_01_WG01	17	11	0	18	0	3
CURTIS_H004593_T01_01_WG01	15	21	0	30	0	7
CURTIS_H004090_T02_01_WG01	62	29	4	28	4	34
CURTIS_H001554_T01_01_WG01	27	6	0	10	0	0
CURTIS_H001664_T01_01_WG01	27	8	28	0	0	0
CURTIS_H004068_T01_01_WG01	37	16	9	23	0	54
CURTIS_H001589_T01_01_WG01	18	22	2	3	0	8
CURTIS_H004153_T01_01_WG01	7	203	1075	27	3	67
CURTIS_H004061_T01_01_WG01	10	6	0	9	1	2
CURTIS_H004176_T01_01_WG01	67	61	43	57	0	14
CURTIS_H001734_T01_01_WG01	0	2	0	0	0	0
CURTIS_H000548_T01_01_WG01	188	2	18	1	0	0
CURTIS_H004233_T01_01_WG01	0	0	0	5	1	0
CURTIS_H004141_T01_01_WG01	84	82	27	23	10	11
CURTIS_H002067_T01_01_WG01	0	53	0	44	12	2
CURTIS_H004008_T03_01_WG01	121	128	51	16	0	49
CURTIS_H004082_T01_01_WG01	0	34	0	0	0	0
CURTIS_H004481_T01_01_WG01	0	0	0	346	124	207
CURTIS_H004057_T01_01_WG01	17	28	0	0	1	1
CURTIS_H000517_T01_01_WG01	6	115	16	44	46	119
CURTIS_H004188_T01_01_WG01	102	18	120	16	1	4
CURTIS_H000429_T01_01_WG01	37	38	19	13	0	14
CURTIS_H004308_T01_01_WG01	119	39	60	11	0	20
CURTIS_H001399_T01_01_WG01	65	21	62	3	0	1
CURTIS_H004387_T01_01_WG01	118	135	18	42	29	28
CURTIS_H001421_T01_01_WG01	42	13	0	1	0	0
CURTIS_H001633_T01_01_WG01	0	2	0	20	0	52
CURTIS_H004269_T01_01_WG01	7	20	15	5	1	9
CURTIS_H001653_T01_01_WG01	45	4	3	6	0	2
CURTIS_H001622_T01_01_WG01	0	146	8	44	175	42
CURTIS_H000572_T01_01_WG01	0	91	0	51	59	38
CURTIS_H000455_T01_01_WG01	0	115	16	114	5	11
CURTIS_H004443_T01_01_WG01	209	124	61	21	13	28
CURTIS_H001443_T01_01_WG01	0	19	0	0	0	1
CURTIS_H004319_T01_01_WG01	94	142	62	27	2	10
CURTIS_H004667_T01_01_WG01	42	0	17	3	0	2
CURTIS_H004198_T01_01_WG01	47	71	7	15	0	9
CURTIS_H001570_T01_01_WG01	25	16	32	3	0	0
CURTIS_H000559_T01_01_WG01	78	18	130	16	0	4
CURTIS_H004114_T01_01_WG01	222	79	137	3	11	3
CURTIS_H004169_T01_01_WG01	103	119	90	56	3	9
CURTIS_H001542_T01_01_WG01	0	2	0	0	0	0
CURTIS_H002046_T01_01_WG01	1	49	3	66	500	83
CURTIS_H004166_T01_01_WG01	145	179	81	18	2	38
CURTIS_H004553_T01_01_WG01	14	98	15	71	5	2
CURTIS_H001441_T01_01_WG01	30	3	81	1	0	26
CURTIS_H004212_T01_01_WG01	13	69	20	0	1	0
CURTIS_H004012_T01_01_WG01	221	108	116	15	9	5
CURTIS_H004712_T01_01_WG01	186	96	51	46	12	72
CURTIS_H004213_T01_01_WG01	110	81	52	27	0	24
CURTIS_H004729_T01_01_WG01	3	32	0	1	0	4
CURTIS_H004103_T01_01_WG01	323	99	141	15	4	9
CURTIS_H001635_T01_01_WG01	54	10	2	12	0	1
CURTIS_H001724_T01_01_WG01	4	20	40	6	1	0
CURTIS_H004721_T01_01_WG01	0	47	0	14	108	135
CURTIS_H000521_T01_01_WG01	0	0	0	1	0	0
CURTIS_H004452_T01_01_WG01	40	26	17	13	0	1
CURTIS_H004562_T01_01_WG01	61	40	33	9	0	17
CURTIS_H004303_T01_01_WG01	41	30	22	12	2	3
CURTIS_H004348_T01_01_WG01	82	17	40	2	0	2
CURTIS_H004746_T01_01_WG01	121	55	295	20	2	14
CURTIS_H004230_T01_01_WG01	48	44	91	12	1	15
CURTIS_H004259_T01_01_WG01	174	164	85	19	5	11
CURTIS_H004757_T01_01_WG01	11	0	0	147	913	1065
CURTIS_H004776_T01_01_WG01	83	58	33	0	1	0
CURTIS_H004106_T01_01_WG01	12	18	2	0	0	3
CURTIS_H001703_T01_01_WG01	27	4	7	5	333	0
CURTIS_H000445_T01_01_WG01	188	0	0	179	146	128
CURTIS_H004503_T01_01_WG01	0	153	7	380	235	100
CURTIS_H000421_T01_01_WG01	89	9	25	5	1	0
CURTIS_H004034_T01_01_WG01	20	26	0	6	0	8
CURTIS_H004349_T01_01_WG01	2	20	0	4	0	10
CURTIS_H004392_T01_01_WG01	89	59	19	6	1	12
CURTIS_H004458_T01_01_WG01	7	55	14	48	6	13
CURTIS_H001476_T01_01_WG01	10	1	6	0	1	0
CURTIS_H004374_T01_01_WG01	33	105	4	4	3	5
CURTIS_H001696_T01_01_WG01	0	73	0	96	172	0
CURTIS_H002080_T01_01_WG01	113	39	22	5	0	4
CURTIS_H004578_T01_01_WG01	42	169	47	177	36	32
CURTIS_H004704_T01_01_WG01	28	25	2	14	0	7
CURTIS_H001603_T01_01_WG01	8	4	0	8	0	4
CURTIS_H004630_T01_01_WG01	69	11	51	23	0	10
CURTIS_H004650_T01_01_WG01	86	57	15	52	0	17
CURTIS_H001611_T01_01_WG01	0	4	0	6	1	1
CURTIS_H004263_T01_01_WG01	9	6	18	23	3	1
CURTIS_H001722_T01_01_WG01	21	11	45	1	2	2
CURTIS_H000537_T01_01_WG01	77	106	51	0	0	57
CURTIS_H000519_T01_01_WG01	0	69	6	173	6	5
CURTIS_H000405_T01_01_WG01	296	147	127	0	0	21
CURTIS_H001567_T01_01_WG01	199	0	137	0	0	3
CURTIS_H000502_T01_01_WG01	40	139	36	77	3	246
CURTIS_H001712_T01_01_WG01	59	19	2	9	0	0
CURTIS_H002044_T01_01_WG01	7	17	2	3	0	35
CURTIS_H000592_T01_01_WG01	2	9	20	10	0	0
CURTIS_H004747_T01_01_WG01	99	3	21	28	0	8
CURTIS_H004724_T01_01_WG01	90	100	248	7	4	8
CURTIS_H001564_T01_01_WG01	0	0	0	0	1	0
CURTIS_H004010_T01_01_WG01	6	17	7	4	2	2
CURTIS_H004366_T01_01_WG01	50	95	101	0	0	9
CURTIS_H004338_T01_01_WG01	165	58	175	29	7	28
CURTIS_H001618_T01_01_WG01	58	51	19	28	4	8
CURTIS_H004612_T01_01_WG01	30	20	29	4	0	38
CURTIS_H001505_T01_01_WG01	0	26	0	0	0	0
CURTIS_H000582_T01_01_WG01	39	34	155	26	0	12
CURTIS_H000467_T01_01_WG01	0	28	0	1	1	0
CURTIS_H001568_T01_01_WG01	0	16	0	1	0	0
CURTIS_H001548_T01_01_WG01	28	55	10	35	2	46
CURTIS_H002037_T01_01_WG01	0	98	18	0	1199	0
CURTIS_H001431_T01_01_WG01	0	1	0	1	0	0
CURTIS_H001735_T01_01_WG01	0	0	0	0	0	1
CURTIS_H001695_T01_01_WG01	70	33	48	15	2	19
CURTIS_H004067_T01_01_WG01	0	7	0	2	0	0
CURTIS_H004202_T01_01_WG01	50	52	27	22	1	20
CURTIS_H004769_T01_01_WG01	42	17	16	5	2	3
CURTIS_H004750_T01_01_WG01	117	81	66	37	0	7
CURTIS_H001540_T01_01_WG01	2	11	0	0	0	1
CURTIS_H004324_T01_01_WG01	36	5	0	6	0	0
CURTIS_H004760_T01_01_WG01	55	49	39	32	0	23
CURTIS_H004091_T01_01_WG01	19	0	0	1	0	1
CURTIS_H004460_T01_01_WG01	19	48	13	29	0	8
CURTIS_H004025_T01_01_WG01	1	106	29	107	588	0
CURTIS_H004170_T01_01_WG01	52	27	12	23	0	5
CURTIS_H004306_T01_01_WG01	27	47	27	16	0	12
CURTIS_H004370_T01_01_WG01	24	19	5	13	4	7
CURTIS_H001452_T01_01_WG01	14	19	38	8	0	1
CURTIS_H000520_T01_01_WG01	103	4	40	18	0	0
CURTIS_H001647_T01_01_WG01	75	70	35	34	0	21
CURTIS_H004240_T01_01_WG01	74	32	9	21	7	84
CURTIS_H004417_T01_01_WG01	40	12	69	5	0	1
CURTIS_H001437_T01_01_WG01	4	7	21	0	0	1
CURTIS_H004527_T01_01_WG01	0	119	7	27	142	10
CURTIS_H000380_T01_01_WG01	32	55	5	69	2	7
CURTIS_H001691_T01_01_WG01	2	12	15	3	0	4
CURTIS_H000441_T01_01_WG01	0	1	0	0	0	0
CURTIS_H001482_T01_01_WG01	43	69	29	51	11	14
CURTIS_H004069_T01_01_WG01	47	55	32	26	3	5
CURTIS_H004544_T01_01_WG01	29	83	12	1	1	7
CURTIS_H004566_T01_01_WG01	55	165	76	9	7	6
CURTIS_H004520_T01_01_WG01	13	8	0	17	3	2
CURTIS_H004375_T01_01_WG01	183	86	227	18	22	162
CURTIS_H004058_T01_01_WG01	111	31	24	16	16	10
CURTIS_H004004_T01_01_WG01	92	35	1	60	7	6
CURTIS_H004691_T01_01_WG01	12	17	2	0	0	0
CURTIS_H003224_T01_01_WG01	133	241	133	77	7	14
CURTIS_H001738_T01_01_WG01	4	2	7	2	0	0
CURTIS_H000510_T01_01_WG01	110	37	18	219	0	34
CURTIS_H004606_T01_01_WG01	132	30	33	21	1	10
CURTIS_H000554_T01_01_WG01	4	34	0	9	3	5
CURTIS_H001571_T01_01_WG01	0	13	0	8	2	1
CURTIS_H000581_T01_01_WG01	150	38	12	44	0	0
CURTIS_H004074_T01_01_WG01	47	26	0	2	0	6
CURTIS_H001715_T01_01_WG01	212	223	330	0	5	16
CURTIS_H004382_T01_01_WG01	78	73	49	53	0	20
CURTIS_H000471_T01_01_WG01	3	11	2	2	0	0
CURTIS_H004734_T01_01_WG01	18	35	20	6	0	6
CURTIS_H000463_T01_01_WG01	104	1	157	47	0	2
CURTIS_H004311_T01_01_WG01	56	61	35	85	6	7
CURTIS_H001552_T01_01_WG01	0	4	0	0	1	2
CURTIS_H002065_T01_01_WG01	0	64	0	24	89	30
CURTIS_H002088_T01_01_WG01	0	73	0	75	176	33
CURTIS_H001616_T01_01_WG01	10	26	3	7	7	1
CURTIS_H000547_T01_01_WG01	9	31	11	8	4	2
CURTIS_H004645_T01_01_WG01	30	44	3	11	0	19
CURTIS_H004434_T01_01_WG01	11	33	14	21	6	13
CURTIS_H000730_T01_01_WG01	0	25	0	59	126	80
CURTIS_H001479_T01_01_WG01	246	141	239	68	0	19
CURTIS_H004051_T01_01_WG01	9	55	3	93	16	40
CURTIS_H004775_T01_01_WG01	6	0	2	2	0	0
CURTIS_H004137_T01_01_WG01	0	8	0	7	1	0
CURTIS_H001481_T01_01_WG01	1	3	0	0	0	0
CURTIS_H004665_T01_01_WG01	1	18	0	0	0	0
CURTIS_H001432_T01_01_WG01	103	26	19	1	0	7
CURTIS_H004029_T01_01_WG01	13	101	17	98	181	69
CURTIS_H004066_T01_01_WG01	60	149	49	33	3	7
CURTIS_H001517_T01_01_WG01	0	8	0	0	0	0
CURTIS_H002029_T01_01_WG01	0	71	0	36	197	18
CURTIS_H001444_T01_01_WG01	21	11	4	0	0	6
CURTIS_H004060_T01_01_WG01	103	115	76	17	2	4
CURTIS_H004121_T01_01_WG01	25	86	9	23	61	34
CURTIS_H004493_T01_01_WG01	18	91	16	29	0	11
CURTIS_H004639_T01_01_WG01	13	5	8	0	0	2
CURTIS_H004628_T01_01_WG01	280	83	96	32	1	1
CURTIS_H004568_T01_01_WG01	6	109	19	38	0	325
CURTIS_H004184_T01_01_WG01	66	51	71	0	0	1
CURTIS_H000562_T01_01_WG01	0	15	5	126	25	7
CURTIS_H000435_T01_01_WG01	29	233	126	0	5	0
CURTIS_H001693_T01_01_WG01	134	30	36	2	1	17
CURTIS_H004268_T01_01_WG01	202	27	70	11	0	27
CURTIS_H004379_T01_01_WG01	0	53	0	53	69	24
CURTIS_H001518_T01_01_WG01	52	0	0	0	0	0
CURTIS_H004326_T02_01_WG01	13	66	15	132	0	14
CURTIS_H004318_T01_01_WG01	23	60	19	95	25	12
CURTIS_H004257_T01_01_WG01	0	0	0	0	0	1
CURTIS_H001598_T01_01_WG01	0	69	0	71	47	25
CURTIS_H004097_T01_01_WG01	15	44	20	9	1	12
CURTIS_H001392_T01_01_WG01	26	18	45	6	0	1
CURTIS_H000438_T01_01_WG01	26	15	26	5	1	2
CURTIS_H004577_T01_01_WG01	5	23	0	0	0	5
CURTIS_H001465_T01_01_WG01	56	63	57	0	3	6
CURTIS_H004631_T01_01_WG01	118	11	124	0	0	17
CURTIS_H001730_T01_01_WG01	87	11	98	19	0	4
CURTIS_H004364_T01_01_WG01	25	47	11	44	0	24
CURTIS_H002055_T01_01_WG01	2	31	0	99	0	1
CURTIS_H002048_T01_01_WG01	5	75	0	85	3	6
CURTIS_H004611_T01_01_WG01	0	156	0	245	16	0
CURTIS_H004705_T01_01_WG01	0	91	0	35	140	70
CURTIS_H004182_T01_01_WG01	23	43	30	16	0	12
CURTIS_H001558_T01_01_WG01	44	46	13	13	1	27
CURTIS_H001478_T01_01_WG01	130	0	139	11	7	8
CURTIS_H004053_T01_01_WG01	72	45	2	9	0	5
CURTIS_H004637_T01_01_WG01	293	125	92	3	0	19
CURTIS_H004423_T01_01_WG01	43	95	24	33	0	8
CURTIS_H001742_T01_01_WG01	183	57	42	13	0	11
CURTIS_H000460_T01_01_WG01	37	40	21	10	0	6
CURTIS_H000470_T01_01_WG01	16	6	16	1	0	0
CURTIS_H002091_T01_01_WG01	15	75	15	37	3	4
CURTIS_H001608_T01_01_WG01	1	0	0	3	4	0
CURTIS_H004565_T01_01_WG01	50	13	4	53	1	25
CURTIS_H004616_T01_01_WG01	0	58	3	161	0	178
CURTIS_H004701_T01_01_WG01	71	24	85	0	0	6
CURTIS_H004365_T01_01_WG01	0	68	5	86	1	1
CURTIS_H001541_T01_01_WG01	47	0	7	9	0	1
CURTIS_H004291_T01_01_WG01	119	40	82	15	0	2
CURTIS_H004753_T01_01_WG01	54	22	4	12	9	12
CURTIS_H004437_T01_01_WG01	28	141	38	91	8	24
CURTIS_H004217_T01_01_WG01	4	28	9	0	1	0
CURTIS_H001631_T01_01_WG01	115	15	91	6	0	0
CURTIS_H001563_T01_01_WG01	0	1	0	0	0	0
CURTIS_H004070_T01_01_WG01	74	44	44	14	1	0
CURTIS_H000432_T01_01_WG01	56	4	12	1	0	0
CURTIS_H001679_T01_01_WG01	0	22	0	36	5	0
CURTIS_H000498_T01_01_WG01	0	70	0	45	5	1
CURTIS_H004180_T01_01_WG01	147	16	83	5	0	5
CURTIS_H004702_T01_01_WG01	26	90	17	13	3	5
CURTIS_H004078_T01_01_WG01	47	10	77	0	0	0
CURTIS_H000511_T01_01_WG01	85	133	57	25	138	90
CURTIS_H004084_T01_01_WG01	87	27	6	18	16	10
CURTIS_H004571_T01_01_WG01	21	28	2	63	324	115
CURTIS_H001607_T01_01_WG01	0	35	0	11	156	35
CURTIS_H004134_T01_01_WG01	0	90	1	117	18	11
CURTIS_H004350_T01_01_WG01	0	21	0	5	0	5
CURTIS_H002089_T01_01_WG01	0	11	0	0	0	0
CURTIS_H001721_T01_01_WG01	18	28	64	2	1	5
CURTIS_H000538_T01_01_WG01	0	23	0	77	0	1
CURTIS_H001569_T01_01_WG01	0	2	0	1	0	0
CURTIS_H001678_T01_01_WG01	159	24	121	0	0	0
CURTIS_H004778_T01_01_WG01	5	6	10	13	1	0
CURTIS_H000500_T01_01_WG01	1	12	20	14	6	12
CURTIS_H004333_T01_01_WG01	6	24	1	18	0	52
CURTIS_H004745_T01_01_WG01	104	152	89	106	3	22
CURTIS_H000490_T01_01_WG01	29	12	3	0	0	0
CURTIS_H004692_T01_01_WG01	8	12	21	0	0	0
CURTIS_H001543_T01_01_WG01	0	6	0	0	0	0
CURTIS_H004706_T01_01_WG01	0	27	2	84	20	10
CURTIS_H001634_T01_01_WG01	42	46	48	2	0	6
CURTIS_H004634_T01_01_WG01	131	33	154	14	0	7
CURTIS_H000590_T01_01_WG01	0	112	0	101	398	17
CURTIS_H004174_T01_01_WG01	2	29	0	14	0	15
CURTIS_H004124_T01_01_WG01	59	10	17	2	1	4
CURTIS_H004167_T01_01_WG01	264	0	413	30	1	4
CURTIS_H002083_T01_01_WG01	17	0	0	17	1	2
CURTIS_H004664_T01_01_WG01	8	26	3	3	0	1
CURTIS_H004385_T01_01_WG01	6	17	11	1	0	5
CURTIS_H000474_T01_01_WG01	40	22	54	6	2	5
CURTIS_H003222_T01_01_WG01	55	27	26	6	0	10
CURTIS_H004511_T01_01_WG01	0	87	0	112	4	0
CURTIS_H004679_T01_01_WG01	0	7	0	5	0	1
CURTIS_H001632_T01_01_WG01	0	20	0	15	8	14
CURTIS_H004016_T01_01_WG01	39	3	0	6	1	1
CURTIS_H000476_T01_01_WG01	0	6	0	1	0	1
CURTIS_H001739_T01_01_WG01	1	15	0	10	0	14
CURTIS_H004448_T01_01_WG01	0	26	0	121	19	6
CURTIS_H001745_T01_01_WG01	10	12	12	2	0	11
CURTIS_H000540_T01_01_WG01	0	159	19	233	32	128
CURTIS_H004030_T01_01_WG01	33	27	4	27	3	1
CURTIS_H001534_T01_01_WG01	36	23	49	0	0	3
CURTIS_H004146_T01_01_WG01	264	19	13	3	0	0
CURTIS_H004556_T01_01_WG01	8	21	41	2	0	3
CURTIS_H001429_T01_01_WG01	90	12	26	4	5	0
CURTIS_H004716_T01_01_WG01	60	6	0	7	1	2
CURTIS_H004561_T01_01_WG01	3	14	20	0	0	0
CURTIS_H001596_T01_01_WG01	81	0	0	7	0	0
CURTIS_H004351_T01_01_WG01	254	10	47	28	0	18
CURTIS_H004186_T01_01_WG01	11	0	3	0	0	4
CURTIS_H004273_T01_01_WG01	5	29	9	17	2	9
CURTIS_H001726_T01_01_WG01	0	8	0	0	0	0
CURTIS_H001577_T01_01_WG01	7	2	2	1	0	0
CURTIS_H000450_T01_01_WG01	7	8	0	1	0	1
CURTIS_H004194_T01_01_WG01	0	150	30	174	52	18
CURTIS_H001746_T01_01_WG01	13	18	3	15	0	6
CURTIS_H004467_T01_01_WG01	0	76	27	198	15	17
CURTIS_H004770_T01_01_WG01	9	20	10	7	0	0
CURTIS_H002071_T01_01_WG01	10	12	0	0	0	0
CURTIS_H004500_T01_01_WG01	1	63	6	2	1	4
CURTIS_H004531_T01_01_WG01	0	21	2	12	516	62
CURTIS_H004093_T01_01_WG01	91	84	71	58	0	43
CURTIS_H000532_T01_01_WG01	83	160	148	13	5	31
CURTIS_H004193_T01_01_WG01	138	109	58	41	2	6
CURTIS_H004695_T01_01_WG01	160	17	30	13	2	13
CURTIS_H001614_T01_01_WG01	0	120	0	127	6	0
CURTIS_H004315_T01_01_WG01	24	220	13	73	477	92
CURTIS_H004540_T01_01_WG01	7	7	0	2	0	0
CURTIS_H001643_T01_01_WG01	0	0	0	0	240	8
CURTIS_H000580_T01_01_WG01	0	31	0	112	55	21
CURTIS_H004265_T01_01_WG01	179	11	59	11	4	4
CURTIS_H004241_T01_01_WG01	58	41	16	0	2	4
CURTIS_H000448_T01_01_WG01	28	8	3	14	0	22
CURTIS_H004162_T01_01_WG01	29	7	1	0	0	2
CURTIS_H004563_T01_01_WG01	138	56	46	21	0	6
CURTIS_H004179_T01_01_WG01	220	59	138	43	0	10
CURTIS_H000583_T01_01_WG01	86	38	42	51	0	26
CURTIS_H004045_T01_01_WG01	0	11	0	1	0	0
CURTIS_H001430_T01_01_WG01	0	0	0	0	0	1
CURTIS_H001629_T01_01_WG01	44	0	1	4	8	16
CURTIS_H003221_T01_01_WG01	57	221	85	273	0	95
CURTIS_H001454_T01_01_WG01	1	20	0	1	4	18
CURTIS_H004472_T01_01_WG01	0	18	0	35	4	8
CURTIS_H000381_T01_01_WG01	0	28	0	29	52	6
CURTIS_H004108_T01_01_WG01	486	158	105	3	0	12
CURTIS_H004139_T01_01_WG01	0	118	45	135	21	23
CURTIS_H004594_T01_01_WG01	77	72	24	0	0	2
CURTIS_H004353_T01_01_WG01	60	4	79	13	0	0
CURTIS_H001682_T01_01_WG01	227	30	82	15	0	14
CURTIS_H001671_T01_01_WG01	13	6	4	0	0	0
CURTIS_H004601_T01_01_WG01	52	18	3	14	2	1
CURTIS_H004215_T01_01_WG01	28	22	33	9	1	1
CURTIS_H001731_T01_01_WG01	29	13	0	1	0	1
CURTIS_H004183_T01_01_WG01	45	10	12	0	0	1
CURTIS_H000499_T01_01_WG01	0	91	0	86	290	31
CURTIS_H004529_T01_01_WG01	86	110	35	22	2	11
CURTIS_H004737_T01_01_WG01	28	29	1	17	0	3
CURTIS_H001713_T01_01_WG01	9	13	2	3	0	4
CURTIS_H004490_T01_01_WG01	107	48	15	12	1	0
CURTIS_H004360_T01_01_WG01	121	38	148	30	0	11
CURTIS_H004381_T01_01_WG01	85	35	65	18	5	37
CURTIS_H001620_T01_01_WG01	43	34	46	18	0	3
CURTIS_H004287_T01_01_WG01	20	3	4	4	1	3
CURTIS_H004666_T01_01_WG01	83	11	49	23	0	9
CURTIS_H004386_T01_01_WG01	0	4	0	2	0	2
CURTIS_H002095_T01_01_WG01	0	150	8	0	326	0
CURTIS_H001499_T01_01_WG01	5	20	5	5	5	7
CURTIS_H004145_T01_01_WG01	16	87	2	25	0	72
CURTIS_H004407_T01_01_WG01	18	85	13	203	7	29
CURTIS_H001521_T01_01_WG01	1	10	0	0	0	0
CURTIS_H001489_T01_01_WG01	124	167	162	0	4	7
CURTIS_H004439_T01_01_WG01	32	0	18	6	0	0
CURTIS_H004203_T01_01_WG01	96	22	21	3	0	5
CURTIS_H004256_T01_01_WG01	139	149	150	82	3	15
CURTIS_H004609_T01_01_WG01	18	30	21	12	0	24
CURTIS_H004369_T01_01_WG01	159	33	58	20	0	2
CURTIS_H004646_T01_01_WG01	0	81	0	4	3	4
CURTIS_H001677_T01_01_WG01	0	12	0	5	2	0
CURTIS_H000496_T01_01_WG01	15	20	1	4	0	0
CURTIS_H004168_T01_01_WG01	58	45	80	24	2	0
CURTIS_H000588_T01_01_WG01	55	20	0	36	0	36
CURTIS_H001515_T01_01_WG01	6	9	6	6	0	8
CURTIS_H001391_T01_01_WG01	51	0	6	3	0	9
CURTIS_H002030_T01_01_WG01	87	70	14	61	47	8
CURTIS_H004300_T01_01_WG01	0	134	21	159	64	165
CURTIS_H001657_T01_01_WG01	0	21	0	15	12	4
CURTIS_H001615_T01_01_WG01	0	3	0	0	0	0
CURTIS_H001407_T01_01_WG01	2	9	0	6	0	1
CURTIS_H004321_T01_01_WG01	128	23	21	25	0	20
CURTIS_H004246_T01_01_WG01	137	56	41	11	56	74
CURTIS_H001528_T01_01_WG01	53	50	72	7	3	5
CURTIS_H004165_T01_01_WG01	0	28	0	0	3	1
CURTIS_H004352_T01_01_WG01	16	62	29	78	0	13
CURTIS_H004024_T01_01_WG01	68	32	26	20	2	10
CURTIS_H004115_T02_01_WG01	31	56	27	48	5	8
CURTIS_H004099_T01_01_WG01	47	22	4	0	1	0
CURTIS_H000440_T01_01_WG01	0	2	0	0	0	0
CURTIS_H004325_T01_01_WG01	0	163	23	106	27	17
CURTIS_H004266_T01_01_WG01	19	329	147	59	6	18
CURTIS_H004244_T01_01_WG01	57	114	120	18	4	5
CURTIS_H004405_T01_01_WG01	23	9	21	2	0	0
CURTIS_H004063_T01_01_WG01	36	83	29	150	45	38
CURTIS_H001583_T01_01_WG01	2	19	7	0	3	1
CURTIS_H000566_T01_01_WG01	3	6	0	5	0	8
CURTIS_H004175_T01_01_WG01	29	37	7	9	2	24
CURTIS_H004707_T01_01_WG01	1	8	0	1	0	0
CURTIS_H001520_T01_01_WG01	54	136	37	5	0	25
CURTIS_H004223_T01_01_WG01	5	15	4	0	0	0
CURTIS_H004547_T01_01_WG01	142	91	118	16	9	16
CURTIS_H000571_T01_01_WG01	0	58	4	61	36	35
CURTIS_H001527_T01_01_WG01	15	0	8	0	0	0
CURTIS_H001627_T01_01_WG01	148	61	151	9	0	3
CURTIS_H004128_T02_01_WG01	0	2	0	7	2	1
CURTIS_H004728_T01_01_WG01	347	86	94	73	6	35
CURTIS_H001659_T01_01_WG01	0	31	77	0	2	2
CURTIS_H004113_T01_01_WG01	9	70	20	8	3	17
CURTIS_H001531_T01_01_WG01	28	13	6	3	1	0
CURTIS_H004569_T01_01_WG01	89	0	11	1	0	0
CURTIS_H004528_T01_01_WG01	0	88	0	142	3	6
CURTIS_H000451_T01_01_WG01	0	54	28	63	0	37
CURTIS_H004309_T01_01_WG01	53	62	31	0	0	2
CURTIS_H004147_T01_01_WG01	241	187	165	22	13	33
CURTIS_H000386_T01_01_WG01	1	2	0	24	14	16
CURTIS_H001405_T01_01_WG01	0	9	0	0	0	0
CURTIS_H000417_T01_01_WG01	0	6	0	4	0	1
CURTIS_H000524_T01_01_WG01	358	16	15	30	3	3
CURTIS_H001660_T01_01_WG01	0	94	3	0	279	104
CURTIS_H000382_T01_01_WG01	0	32	0	67	3	6
CURTIS_H004327_T01_01_WG01	112	44	22	38	0	14
CURTIS_H004261_T01_01_WG01	6	27	0	0	0	4
CURTIS_H004576_T01_01_WG01	45	50	2	2	7	29
CURTIS_H004552_T01_01_WG01	213	80	114	0	3	0
CURTIS_H004494_T01_01_WG01	69	38	132	8	0	13
CURTIS_H004397_T01_01_WG01	15	141	22	43	84	112
CURTIS_H000486_T01_01_WG01	9	1	0	0	0	1
CURTIS_H004288_T01_01_WG01	0	10	0	2	0	0
CURTIS_H004644_T01_01_WG01	113	59	123	14	0	11
CURTIS_H001406_T01_01_WG01	5	28	0	5	0	0
CURTIS_H001513_T01_01_WG01	0	3	18	2	1	0
CURTIS_H004159_T01_01_WG01	13	90	35	54	1	19
CURTIS_H000392_T01_01_WG01	26	0	0	0	0	0
CURTIS_H000458_T01_01_WG01	18	14	1	0	0	2
CURTIS_H004071_T01_01_WG01	118	18	45	5	0	5
CURTIS_H004107_T01_01_WG01	0	100	7	26	4	81
CURTIS_H004021_T01_01_WG01	0	76	0	67	11	1
CURTIS_H004015_T01_01_WG01	193	50	20	11	2	12
CURTIS_H001535_T01_01_WG01	16	10	13	3	0	3
CURTIS_H004676_T01_01_WG01	0	148	41	174	47	29
CURTIS_H001463_T01_01_WG01	70	3	1	6	2	0
CURTIS_H004649_T02_01_WG01	21	13	15	6	1	9
CURTIS_H004173_T01_01_WG01	0	70	29	0	3	2
CURTIS_H001438_T01_01_WG01	50	0	83	0	0	0
CURTIS_H001658_T01_01_WG01	97	147	166	0	2	5
CURTIS_H004133_T01_01_WG01	37	36	8	21	0	5
CURTIS_H004356_T01_01_WG01	205	45	0	15	10	66
CURTIS_H001471_T01_01_WG01	54	19	2	2	0	4
CURTIS_H004115_T01_01_WG01	34	46	32	32	5	10
CURTIS_H000443_T01_01_WG01	6	33	16	6	0	9
CURTIS_H001519_T01_01_WG01	91	54	52	6	0	27
CURTIS_H004408_T01_01_WG01	45	82	9	35	0	4
CURTIS_H001646_T01_01_WG01	49	3	1	0	0	0
CURTIS_H004431_T01_01_WG01	0	73	3	164	0	174
CURTIS_H004022_T01_01_WG01	0	78	15	95	26	13
CURTIS_H000591_T01_01_WG01	37	37	18	7	0	18
CURTIS_H004401_T01_01_WG01	6	131	4	0	378	19
CURTIS_H004056_T01_01_WG01	0	2	0	3	2	1
CURTIS_H004621_T01_01_WG01	17	41	35	18	0	14
CURTIS_H001455_T01_01_WG01	14	15	37	3	0	0
CURTIS_H001675_T01_01_WG01	162	0	280	0	0	3
CURTIS_H001508_T01_01_WG01	0	1	0	0	0	0
CURTIS_H004088_T01_01_WG01	136	133	34	2	3	17
CURTIS_H004659_T01_01_WG01	6	30	19	0	1	1
CURTIS_H004117_T01_01_WG01	60	50	41	7	0	15
CURTIS_H004510_T01_01_WG01	23	26	3	91	6	35
CURTIS_H000464_T01_01_WG01	0	9	12	0	1	0
CURTIS_H004384_T01_01_WG01	13	12	7	62	6	11
CURTIS_H004597_T01_01_WG01	5	54	5	0	538	60
CURTIS_H004164_T01_01_WG01	97	4	63	21	0	10
CURTIS_H004175_T02_01_WG01	32	34	7	7	3	22
CURTIS_H001506_T01_01_WG01	8	2	0	2	0	0
CURTIS_H004483_T01_01_WG01	0	100	18	116	28	39
CURTIS_H001579_T01_01_WG01	10	13	10	1	1	0
CURTIS_H004445_T01_01_WG01	0	99	8	54	17	50
CURTIS_H001394_T01_01_WG01	19	15	16	3	0	0
CURTIS_H002049_T01_01_WG01	152	54	118	14	1	17
CURTIS_H004423_T03_01_WG01	44	127	24	41	0	5
CURTIS_H004302_T01_01_WG01	31	0	2	0	0	0
CURTIS_H000462_T01_01_WG01	7	19	0	76	4	8
CURTIS_H004684_T01_01_WG01	123	0	34	0	0	2
CURTIS_H004271_T01_01_WG01	321	192	80	14	8	17
CURTIS_H001701_T01_01_WG01	23	20	24	3	0	1
CURTIS_H004047_T01_01_WG01	117	9	47	21	0	18
CURTIS_H001669_T01_01_WG01	19	24	0	57	0	0
CURTIS_H004406_T01_01_WG01	114	185	310	30	6	48
CURTIS_H004190_T01_01_WG01	70	24	6	27	1	14
CURTIS_H004258_T01_01_WG01	160	47	24	13	0	14
CURTIS_H001665_T01_01_WG01	0	37	21	35	6	3
CURTIS_H001642_T01_01_WG01	0	5	0	1	0	0
CURTIS_H000468_T01_01_WG01	40	47	13	3	0	7
CURTIS_H002084_T01_01_WG01	102	38	62	10	0	11
CURTIS_H001575_T01_01_WG01	4	1	2	0	1	0
CURTIS_H000530_T01_01_WG01	115	57	53	33	0	13
CURTIS_H001591_T01_01_WG01	150	0	114	5	0	3
CURTIS_H004004_T02_01_WG01	95	36	3	55	4	3
CURTIS_H004451_T01_01_WG01	0	56	2	86	5	0
CURTIS_H000378_T01_01_WG01	11	5	8	0	0	0
CURTIS_H001547_T01_01_WG01	57	5	15	7	1	0
CURTIS_H001553_T01_01_WG01	2	3	0	0	0	0
CURTIS_H004766_T01_01_WG01	70	77	66	4	0	0
CURTIS_H004475_T01_01_WG01	18	153	251	38	0	24
CURTIS_H002050_T01_01_WG01	1	0	0	1	525	19
CURTIS_H001525_T01_01_WG01	119	89	60	20	2	39
CURTIS_H004132_T01_01_WG01	77	42	33	16	0	12
CURTIS_H004046_T01_01_WG01	98	68	31	47	6	13
CURTIS_H004574_T01_01_WG01	31	41	28	10	1	1
CURTIS_H000491_T01_01_WG01	0	2	0	0	0	0
CURTIS_H000407_T01_01_WG01	0	45	9	143	1	15
CURTIS_H004380_T01_01_WG01	17	30	33	7	0	24
CURTIS_H000475_T01_01_WG01	9	38	20	0	1	4
CURTIS_H004649_T01_01_WG01	19	22	12	14	0	5
CURTIS_H004743_T01_01_WG01	2	0	0	0	724	0
CURTIS_H004635_T01_01_WG01	225	62	52	41	8	13
CURTIS_H004275_T01_01_WG01	252	161	150	53	3	8
CURTIS_H000410_T01_01_WG01	10	29	0	17	3	7
CURTIS_H001412_T01_01_WG01	2	8	6	2	0	3
CURTIS_H001588_T01_01_WG01	25	8	0	0	2	6
CURTIS_H002051_T01_01_WG01	13	118	21	6	0	454
CURTIS_H001586_T01_01_WG01	50	52	100	0	0	2
CURTIS_H001483_T01_01_WG01	187	39	92	5	2	6
CURTIS_H000539_T01_01_WG01	49	47	7	6	0	85
CURTIS_H000494_T01_01_WG01	0	42	1	92	52	42
CURTIS_H004250_T01_01_WG01	47	9	6	9	0	5
CURTIS_H000398_T01_01_WG01	1	30	41	18	2	0
CURTIS_H000484_T01_01_WG01	0	11	0	5	0	4
CURTIS_H004336_T01_01_WG01	25	25	22	19	0	5
CURTIS_H004278_T01_01_WG01	21	35	12	1	0	13
CURTIS_H001593_T01_01_WG01	12	53	0	98	1	0
CURTIS_H001400_T01_01_WG01	241	81	50	20	0	26
CURTIS_H004388_T01_01_WG01	121	44	101	14	1	17
CURTIS_H001707_T01_01_WG01	6	5	5	1	0	1
CURTIS_H004322_T01_01_WG01	67	17	21	15	0	13
CURTIS_H004656_T01_01_WG01	44	22	13	5	0	9
CURTIS_H004559_T01_01_WG01	26	3	14	0	0	1
CURTIS_H001442_T01_01_WG01	81	25	26	20	0	59
CURTIS_H004632_T01_01_WG01	166	33	54	24	0	21
CURTIS_H004026_T01_01_WG01	185	132	43	34	2	73
CURTIS_H004260_T01_01_WG01	65	118	37	11	10	11
CURTIS_H002078_T01_01_WG01	0	55	0	10	0	290
CURTIS_H004239_T01_01_WG01	73	96	62	42	0	108
CURTIS_H000573_T01_01_WG01	22	97	20	43	182	31
CURTIS_H001498_T01_01_WG01	5	4	8	1	0	0
CURTIS_H004042_T01_01_WG01	87	160	12	24	0	14
CURTIS_H004062_T01_01_WG01	94	96	34	16	1	3
CURTIS_H004751_T01_01_WG01	23	33	0	1	0	0
CURTIS_H004708_T01_01_WG01	124	124	8	41	2	58
CURTIS_H001393_T01_01_WG01	1	1	0	0	0	0
CURTIS_H004465_T01_01_WG01	14	27	5	9	1	3
CURTIS_H001723_T01_01_WG01	68	15	1	4	0	2
CURTIS_H004129_T01_01_WG01	0	27	0	1	0	55
CURTIS_H002057_T01_01_WG01	0	2	0	18	0	1
CURTIS_H004201_T01_01_WG01	53	113	4	64	13	2
CURTIS_H001697_T01_01_WG01	37	46	29	0	0	46
CURTIS_H002063_T01_01_WG01	24	152	64	106	188	35
CURTIS_H004390_T01_01_WG01	1	24	5	14	3	13
CURTIS_H000396_T01_01_WG01	132	107	419	32	0	14
CURTIS_H004075_T01_01_WG01	237	6	0	0	0	4
CURTIS_H001468_T01_01_WG01	138	0	158	9	0	7
CURTIS_H004087_T01_01_WG01	44	12	8	0	1	0
CURTIS_H004551_T01_01_WG01	145	3	128	4	2	2
CURTIS_H001699_T01_01_WG01	201	37	144	23	6	6
CURTIS_H000593_T01_01_WG01	8	84	14	33	4	3
CURTIS_H004163_T01_01_WG01	0	14	0	4	2	0
CURTIS_H004444_T01_01_WG01	114	38	69	36	0	7
CURTIS_H004471_T01_01_WG01	8	58	2	42	0	60
CURTIS_H004116_T01_01_WG01	107	9	12	13	0	2
CURTIS_H000427_T01_01_WG01	100	117	85	49	0	18
CURTIS_H004413_T01_01_WG01	12	30	0	3	0	0
CURTIS_H000513_T01_01_WG01	92	34	19	32	6	26
CURTIS_H002098_T01_01_WG01	1	67	3	29	235	42
CURTIS_H001426_T01_01_WG01	0	5	0	0	1	0
CURTIS_H001698_T01_01_WG01	194	6	147	9	0	6
CURTIS_H004377_T01_01_WG01	101	82	84	10	4	2
CURTIS_H004474_T01_01_WG01	284	0	291	11	0	6
CURTIS_H001504_T01_01_WG01	7	12	0	1	0	4
CURTIS_H004709_T01_01_WG01	57	266	66	0	2	52
CURTIS_H000782_T01_01_WG01	11	57	6	43	7	17
CURTIS_H001621_T01_01_WG01	1	0	1	5	57	3
CURTIS_H004323_T01_01_WG01	62	54	40	45	6	15
CURTIS_H004723_T01_01_WG01	0	155	4	139	9	0
CURTIS_H004040_T01_01_WG01	148	34	39	18	5	2
CURTIS_H004204_T01_01_WG01	118	5	15	29	1	20
CURTIS_H004195_T01_01_WG01	0	69	14	163	3	86
CURTIS_H001538_T01_01_WG01	1	5	0	0	0	0
CURTIS_H000558_T01_01_WG01	187	211	110	0	0	15
CURTIS_H004590_T01_01_WG01	0	132	3	111	10	0
CURTIS_H004675_T01_01_WG01	24	0	16	4	0	7
CURTIS_H000428_T01_01_WG01	6	0	1	0	0	0
CURTIS_H004423_T02_01_WG01	43	91	24	35	0	8
CURTIS_H004761_T01_01_WG01	96	25	25	76	5	13
CURTIS_H004252_T01_01_WG01	10	10	13	0	0	3
CURTIS_H004730_T01_01_WG01	13	25	0	43	0	3
CURTIS_H004627_T02_01_WG01	0	120	2	79	10	7
CURTIS_H004150_T01_01_WG01	237	89	151	11	0	65
CURTIS_H001475_T01_01_WG01	18	5	0	0	0	0
CURTIS_H004126_T02_01_WG01	0	12	0	30	1	3
CURTIS_H004005_T01_01_WG01	0	1	0	4	1	0
CURTIS_H000391_T01_01_WG01	30	46	0	8	2	2
CURTIS_H004054_T01_01_WG01	27	55	7	43	26	64
CURTIS_H004599_T01_01_WG01	3	68	4	93	3	1
CURTIS_H001537_T01_01_WG01	85	17	26	17	0	2
CURTIS_H000479_T01_01_WG01	28	0	0	4	208	28
CURTIS_H004267_T01_01_WG01	17	30	0	8	1	3
CURTIS_H004435_T01_01_WG01	183	0	28	14	3	0
CURTIS_H001670_T01_01_WG01	0	88	16	102	6	3
CURTIS_H004290_T01_01_WG01	56	41	10	11	2	4
CURTIS_H004749_T01_01_WG01	10	23	0	2	0	2
CURTIS_H004082_T03_01_WG01	0	3	11	1	0	0
CURTIS_H001733_T01_01_WG01	10	170	18	55	205	22
CURTIS_H004009_T01_01_WG01	28	82	3	113	374	27
CURTIS_H001544_T01_01_WG01	44	24	41	0	0	8
CURTIS_H000426_T01_01_WG01	55	21	57	7	3	1
CURTIS_H004768_T01_01_WG01	22	28	19	9	0	0
CURTIS_H002069_T01_01_WG01	1	2	0	3	0	3
CURTIS_H000411_T01_01_WG01	6	34	1	76	60	0
CURTIS_H004688_T01_01_WG01	9	53	11	100	1	4
CURTIS_H004330_T01_01_WG01	58	123	41	39	6	4
CURTIS_H004104_T01_01_WG01	6	33	0	6	0	6
CURTIS_H001507_T01_01_WG01	0	0	0	0	1	1
CURTIS_H004653_T01_01_WG01	154	19	85	18	0	2
CURTIS_H000465_T01_01_WG01	0	0	0	0	0	2
CURTIS_H000523_T01_01_WG01	63	97	46	20	0	139
CURTIS_H004440_T01_01_WG01	0	17	0	14	2	4
CURTIS_H004301_T01_01_WG01	68	24	39	7	0	15
CURTIS_H004208_T01_01_WG01	0	21	2	14	2	3
CURTIS_H004678_T01_01_WG01	31	155	1	134	0	5
CURTIS_H004285_T01_01_WG01	152	64	111	27	0	25
CURTIS_H001466_T01_01_WG01	101	72	62	0	0	4
CURTIS_H001410_T01_01_WG01	19	21	31	3	1	3
CURTIS_H004741_T01_01_WG01	204	372	108	36	0	131
CURTIS_H004731_T01_01_WG01	34	23	11	9	0	3
CURTIS_H000528_T01_01_WG01	34	22	9	24	7	11
CURTIS_H004080_T01_01_WG01	33	211	45	86	121	135
CURTIS_H004249_T01_01_WG01	32	42	12	54	1	27
CURTIS_H004685_T01_01_WG01	141	157	338	33	0	546
CURTIS_H004476_T01_01_WG01	109	325	236	36	0	34
CURTIS_H000564_T01_01_WG01	0	43	5	40	20	0
CURTIS_H001536_T01_01_WG01	0	5	12	0	0	0
CURTIS_H004710_T01_01_WG01	35	12	9	8	0	19
CURTIS_H004733_T01_01_WG01	210	214	313	18	12	10
CURTIS_H004585_T01_01_WG01	0	0	0	78	33	63
CURTIS_H004513_T01_01_WG01	58	122	24	66	3	11
CURTIS_H001461_T01_01_WG01	42	40	12	2	0	20
CURTIS_H000420_T01_01_WG01	29	1	2	1	0	6
CURTIS_H000397_T01_01_WG01	37	67	37	67	97	13
CURTIS_H004085_T01_01_WG01	16	20	33	55	20	46
CURTIS_H001572_T01_01_WG01	1	1	0	0	0	0
CURTIS_H004658_T01_01_WG01	0	38	6	0	1	0
CURTIS_H000385_T01_01_WG01	26	26	1	0	0	1
CURTIS_H000480_T01_01_WG01	12	69	13	99	12	8
CURTIS_H004127_T01_01_WG01	42	32	2	11	0	12
CURTIS_H000569_T01_01_WG01	165	50	16	4	0	7
CURTIS_H004210_T01_01_WG01	186	44	296	7	1	5
CURTIS_H004410_T01_01_WG01	351	120	101	33	2	2
CURTIS_H004071_T02_01_WG01	124	10	48	8	0	2
CURTIS_H004480_T01_01_WG01	488	4	285	24	0	21
CURTIS_H001668_T01_01_WG01	57	162	38	191	0	23
CURTIS_H001549_T01_01_WG01	8	27	2	6	0	5
CURTIS_H004652_T01_01_WG01	11	6	0	21	0	8
