gene	distance	index	recurrence	ecdna	prop	logdistance
A1CF	7694327	all	NA	NA	NA	6.88617069581975
ABI1	17718041	all	NA	NA	NA	7.24841572682985
ABL1	4508330	all	NA	NA	NA	6.6540157942854
ABL2	17850685	all	1	NA	NA	7.25165491066053
ACSL3	184748525	all	NA	NA	NA	8.26658098210004
ACSL6	5112983	all	NA	NA	NA	6.70867443369611
ACVR1	119615751	all	NA	NA	NA	8.0777883749385
ACVR1B	1279158	all	NA	NA	NA	6.10692453082017
ACVR2A	109625363	all	NA	NA	NA	8.03991104840766
AFF1	86109546	all	NA	NA	NA	7.93505130452641
AFF3	61186511	all	NA	NA	NA	7.786655696499
AFF4	6034903	all	NA	NA	NA	6.78067036596578
AKAP9	7957178	all	NA	NA	NA	6.90075912780318
AKT1	11733874	all	NA	NA	NA	7.06944145740176
AKT2	1923382	all	NA	NA	NA	6.28406577317477
AKT3	36562662	all	2	NA	NA	7.56303781955871
ALDH2	2667419	all	NA	NA	NA	6.42609140313697
ALK	8832132	all	NA	NA	NA	6.94606560032299
ANK1	4052998	all	NA	NA	NA	6.60777649658785
APC	13991645	all	NA	NA	NA	7.14586880860674
APOBEC3B	2929307	all	NA	NA	NA	6.46676503766589
ARHGAP26	15974123	all	NA	NA	NA	7.2034170513439
ARHGAP35	335611	all	NA	NA	NA	5.52583748088316
ARHGAP5	22250166	all	4	NA	NA	7.34733327495319
ARHGEF10	20631348	all	1	NA	NA	7.31452762565139
ARHGEF10L	16902	all	1	NA	NA	4.22796379146686
ARHGEF12	43688906	all	NA	NA	NA	7.64037117975634
ARID1A	5382203	all	NA	NA	NA	6.73096015466803
ARID1B	21593777	all	NA	NA	NA	7.3343286321912
ARID2	3221215	all	1	NA	NA	6.50801984759612
ARNT	5650880	all	3	NA	NA	6.75211616173295
ASPM	1819	all	NA	NA	NA	3.26007138798507
ASPSCR1	3722682	all	NA	NA	NA	6.57085605603784
ASXL1	6526600	all	NA	NA	NA	6.81468706316404
ASXL2	12875252	all	NA	NA	NA	7.10975577172677
ATF1	1429502	all	NA	NA	NA	6.15518507111904
ATIC	177199472	all	NA	NA	NA	8.24846242593968
ATM	31574519	all	NA	NA	NA	7.4993367570758
ATP1A1	4858240	all	NA	NA	NA	6.68647905480301
ATR	8171155	all	NA	NA	NA	6.91228350193101
AXIN1	27507691	all	NA	NA	NA	7.43945415295916
AXIN2	12649849	all	16	NA	NA	7.10208537574437
B2M	12067089	all	1	NA	NA	7.08160255184437
BAP1	74872290	all	NA	NA	NA	7.87432112220825
BARD1	176616068	all	NA	NA	NA	8.24703021430696
BAX	1610849	all	NA	NA	NA	6.20705510143396
BAZ1A	19534245	all	NA	NA	NA	7.29079665260411
BCL10	26311618	all	NA	NA	NA	7.420147571808
BCL11A	21701096	all	NA	NA	NA	7.33648168818055
BCL11B	6133812	all	NA	NA	NA	6.78773053162265
BCL2	0	all	NA	NA	NA	0
BCL2L12	2321131	all	2	NA	NA	6.36569983896584
BCL3	2580634	all	NA	NA	NA	6.41172658311978
BCL6	36956010	all	NA	NA	NA	7.56768508770549
BCL7A	2307758	all	NA	NA	NA	6.36319045334199
BCL9	9402053	all	NA	NA	NA	6.97322274119755
BCL9L	42247812	all	NA	NA	NA	7.62580423218239
BCLAF1	1072714	all	2	NA	NA	6.03048435349617
BCR	4015658	all	NA	NA	NA	6.60375682647111
BIRC3	25669154	all	1	NA	NA	7.40941157241599
BIRC6	6132601	all	NA	NA	NA	6.78764478030586
BLM	167594	all	NA	NA	NA	5.2242610578217
BMP5	16433989	all	NA	NA	NA	7.21574301837168
BMPR1A	15209647	all	1	NA	NA	7.18211916320312
BRAF	10926334	all	NA	NA	NA	7.03847451179462
BRCA1	1548886	all	1	NA	NA	6.19001973469493
BRCA2	0	all	NA	NA	NA	0
BRD3	1338249	all	NA	NA	NA	6.12653725205547
BRD4	187552	all	1	NA	NA	5.2731240152904
BRIP1	16266669	all	24	27	0.888888888888889	7.21129865627781
BTG1	16995268	all	1	NA	NA	7.23032804295798
BTG2	2691842	all	4	NA	NA	6.43004972634614
BUB1B	7516614	all	NA	NA	NA	6.87602230631134
CACNA1D	73469808	all	NA	NA	NA	7.8661089108073
CALR	1793517	all	NA	NA	NA	6.25370573967463
CAMTA1	10015160	all	1	NA	NA	7.00065793524213
CANT1	775055	all	6	NA	NA	5.88933308265128
CARD11	33395732	all	NA	NA	NA	7.52369098019667
CARS	1164030	all	NA	NA	NA	6.06596454642183
CASP3	7255760	all	NA	NA	NA	6.86068296891275
CASP8	163120959	all	NA	NA	NA	8.21250976868889
CASP9	1994133	all	NA	NA	NA	6.29975433828118
CBFA2T3	1061894	all	NA	NA	NA	6.02608157590267
CBFB	10677291	all	NA	NA	NA	7.0284611198664
CBL	42557950	all	NA	NA	NA	7.62898071019829
CBLB	21728412	all	NA	NA	NA	7.33702800747506
CBLC	2540032	all	NA	NA	NA	6.40483935899191
CCDC6	870848	all	1	NA	NA	5.93994285747391
CCNB1IP1	34077641	all	NA	NA	NA	7.5324695361587
CCNC	19275073	all	NA	NA	NA	7.2849960540501
CCND1	4374702	all	37	18	2.05555555555556	6.64094857396646
CCND2	2529094	all	NA	NA	NA	6.40296514298651
CCND3	2716421	all	2	NA	NA	6.43399723911171
CCNE1	4554315	all	NA	NA	NA	6.65842316073127
CCR4	94319896	all	NA	NA	NA	7.97460331782541
CCR7	4104650	all	19	NA	NA	6.61327623692011
CD209	2843215	all	NA	NA	NA	6.45380985443005
CD274	90375264	all	NA	NA	NA	7.95604958375065
CD28	165593991	all	NA	NA	NA	8.21904457587531
CD74	23605032	all	NA	NA	NA	7.3730046119144
CD79A	3568347	all	NA	NA	NA	6.55246720195684
CD79B	14197885	all	19	27	0.703703703703704	7.1522236847435
CDC73	3825564	all	1	NA	NA	6.58269558544035
CDH1	12385436	all	NA	NA	NA	7.09291133456662
CDH10	43817246	all	NA	NA	NA	7.6416450877325
CDH11	8594926	all	NA	NA	NA	6.93424219240971
CDH17	25378390	all	NA	NA	NA	7.40446408419003
CDK12	5135587	all	41	46	0.891304347826087	6.71059017539888
CDK4	121261	all	3	NA	NA	5.08372472686943
CDK6	7231223	all	1	NA	NA	6.85921181478477
CDKN1A	2497714	all	1	NA	NA	6.39754288200103
CDKN1B	5914127	all	NA	NA	NA	6.77189071976604
CDKN2A	73851340	all	NA	NA	NA	7.86835838568199
CDKN2C	4684214	all	NA	NA	NA	6.67063682046751
CDX2	4350067	all	2	NA	NA	6.63849604587279
CEBPA	1076103	all	1	NA	NA	6.03185424572023
CEP89	1406664	all	NA	NA	NA	6.14819068167478
CHCHD7	10292044	all	1	NA	NA	7.01250167641209
CHD2	1914866	all	4	NA	NA	6.28213861476835
CHD4	227064	all	NA	NA	NA	5.35615019684281
CHEK2	709356	all	1	NA	NA	5.85086485875007
CHIC2	53129350	all	NA	NA	NA	7.72533451083087
CHST11	4379158	all	NA	NA	NA	6.64139071399071
CIC	3975974	all	NA	NA	NA	6.59944364499183
CIITA	16891316	all	NA	NA	NA	7.22766351242088
CLIP1	2603878	all	NA	NA	NA	6.41562079907693
CLP1	4462852	all	NA	NA	NA	6.64961258203653
CLTC	14684360	all	28	27	1.03703703703704	7.16685505264895
CLTCL1	206245	all	NA	NA	NA	5.31438553445943
CNBD1	18117672	all	3	NA	NA	7.25810241695246
CNBP	1566715	all	NA	NA	NA	6.19499027865677
CNOT3	6794168	all	2	NA	NA	6.83213634542694
CNTNAP2	3432812	all	NA	NA	NA	6.53565014619298
CNTRL	14331504	all	NA	NA	NA	7.15629179953028
COL1A1	5248769	all	21	NA	NA	6.72005754249202
COL2A1	1124749	all	NA	NA	NA	6.0510560018376
COL3A1	150861892	all	NA	NA	NA	8.178579552898
COX6C	23261374	all	5	NA	NA	7.36663538267373
CPEB3	9843716	all	NA	NA	NA	6.99315911954671
CREB1	169417409	all	NA	NA	NA	8.22895803809867
CREB3L1	461072	all	NA	NA	NA	5.66376969108877
CREB3L2	13864052	all	NA	NA	NA	7.14189020994559
CREBBP	23980034	all	NA	NA	NA	7.37984981263672
CRNKL1	17517031	all	2	NA	NA	7.24346052333801
CRTC1	814710	all	4	NA	NA	5.91100358007283
CRTC3	337702	all	NA	NA	NA	5.52853491872738
CSF1R	23256686	all	NA	NA	NA	7.36654784796353
CSF3R	8280312	all	1	NA	NA	6.91804675364522
CSMD3	9718374	all	NA	NA	NA	6.98759365304028
CTCF	11210551	all	NA	NA	NA	7.04962699748809
CTNNA1	11912938	all	NA	NA	NA	7.07601891799179
CTNNA2	40762853	all	NA	NA	NA	7.61026458340749
CTNNB1	86034360	all	NA	NA	NA	7.93467193743324
CTNND1	4305537	all	NA	NA	NA	6.63402742659867
CTNND2	56558221	all	NA	NA	NA	7.75249574824772
CUL3	186357662	all	NA	NA	NA	8.27034725558297
CUX1	1761344	all	NA	NA	NA	6.24584443088
CXCR4	97894713	all	NA	NA	NA	7.9907592419297
CYLD	5543330	all	NA	NA	NA	6.74377081169396
CYP2C8	7065337	all	NA	NA	NA	6.8491329429749
CYSLTR2	16386096	all	1	NA	NA	7.2144755214034
DAXX	78496	all	NA	NA	NA	4.89485305918675
DCC	3347644	all	NA	NA	NA	6.52473939713619
DCTN1	35611074	all	NA	NA	NA	7.55158508402307
DDB2	430932	all	1	NA	NA	5.63440975277749
DDIT3	103771	all	NA	NA	NA	5.01608018698163
DDR2	6098391	all	NA	NA	NA	6.78521533704563
DDX10	32016776	all	NA	NA	NA	7.50537761110716
DDX5	13705105	all	21	27	0.777777777777778	7.13688239887129
DDX6	42099433	all	NA	NA	NA	7.624276257063
DEK	13463757	all	NA	NA	NA	7.12916629695104
DGCR8	560861	all	NA	NA	NA	5.74885601631658
DICER1	2050750	all	NA	NA	NA	6.31191293199645
DNAJB1	949613	all	2	NA	NA	5.97754710872447
DNM2	310192	all	NA	NA	NA	5.49163199304021
DNMT3A	13411105	all	NA	NA	NA	7.12746459514394
DROSHA	36930049	all	NA	NA	NA	7.56737989564744
EBF1	31946755	all	NA	NA	NA	7.50442676475335
ECT2L	3611961	all	NA	NA	NA	6.55774317262787
EED	9436775	all	NA	NA	NA	6.97482364635738
EGFR	18604611	all	4	NA	NA	7.26962061722151
EIF3E	14906657	all	3	NA	NA	7.17338028766184
EIF4A2	36018206	all	NA	NA	NA	7.55652208967764
ELF3	1396868	all	3	NA	NA	6.14515567938206
ELK4	1444411	all	NA	NA	NA	6.15969108783575
ELL	573760	all	3	NA	NA	5.75873102480851
ELN	26212930	all	NA	NA	NA	7.41851558431776
EML4	3419283	all	NA	NA	NA	6.53393517406671
EP300	742010	all	NA	NA	NA	5.8704103435592
EPAS1	7547334	all	NA	NA	NA	6.87779362724362
EPHA3	37785017	all	1	NA	NA	7.57731963344274
EPHA7	13234551	all	2	NA	NA	7.12170924467621
EPS15	5069782	all	NA	NA	NA	6.70498937078907
ERBB2	4941472	all	43	46	0.934782608695652	6.69385642674069
ERBB3	1520944	all	1	NA	NA	6.18211350949785
ERBB4	173263235	all	NA	NA	NA	8.23870642136288
ERC1	5338516	all	1	NA	NA	6.72742063003123
ERCC2	1970089	all	1	NA	NA	6.29448606657304
ERCC3	89037659	all	NA	NA	NA	7.94957373777722
ERCC4	13863950	all	NA	NA	NA	7.1418870147616
ERCC5	70603319	all	NA	NA	NA	7.84882512348493
ERG	1357713	all	NA	NA	NA	6.13280829623092
ESR1	16506344	all	1	NA	NA	7.21765091808039
ETNK1	15821901	all	NA	NA	NA	7.19925869018902
ETV1	22448261	all	NA	NA	NA	7.35118272248731
ETV4	1202624	all	NA	NA	NA	6.08013022765616
ETV5	35280953	all	NA	NA	NA	7.54754031997832
ETV6	4846613	all	1	NA	NA	6.68543843248417
EWSR1	150664	all	1	NA	NA	5.17801237592265
EXT1	5043558	all	7	21	0.333333333333333	6.70273710560931
EXT2	2537063	all	NA	NA	NA	6.40433142287654
EZH2	2969484	all	1	NA	NA	6.4726811358317
EZR	23681487	all	NA	NA	NA	7.37440898731972
FADD	4968098	all	35	18	1.94444444444444	6.69619024150132
FAM131B	8491058	all	NA	NA	NA	6.92896185858021
FAM135B	9988330	all	2	21	0.0952380952380952	6.99949292585909
FANCA	1924586	all	NA	NA	NA	6.28433754794083
FANCC	2012442	all	NA	NA	NA	6.30372358835119
FANCD2	117172685	all	1	NA	NA	8.06882638555598
FANCE	2046261	all	NA	NA	NA	6.31096123928304
FANCF	20785957	all	1	NA	NA	7.31777004541793
FANCG	60765817	all	NA	NA	NA	7.78365934854051
FAS	13119050	all	1	NA	NA	7.11790242037731
FAT1	9215846	all	2	NA	NA	6.9645352560523
FAT3	15566222	all	4	18	0.222222222222222	7.19218324781234
FAT4	51876417	all	NA	NA	NA	7.7149699809714
FBLN2	113636378	all	NA	NA	NA	8.05551738656644
FBXO11	9056854	all	NA	NA	NA	6.95697741475568
FBXW7	24834331	all	1	NA	NA	7.39505248272804
FCGR2B	5129068	all	NA	NA	NA	6.71003854155312
FCRL4	1039703	all	NA	NA	NA	6.01690971481423
FEN1	327481	all	NA	NA	NA	5.51518743405144
FES	87274	all	NA	NA	NA	4.94088985748622
FEV	180868602	all	NA	NA	NA	8.25736318417724
FGF3	4543566	all	NA	18	NA	6.65739693659581
FGFR1	810910	all	30	15	2	5.90897319165886
FGFR1OP	31907529	all	NA	NA	NA	7.50389318624024
FGFR2	5212322	all	3	NA	NA	6.71703132046556
FGFR3	48431	all	NA	NA	NA	4.6851324036125
FGFR4	50337752	all	2	NA	NA	7.70189382540621
FH	34571984	all	NA	NA	NA	7.53872431589756
FHIT	66079166	all	1	NA	NA	7.82006455959102
FIP1L1	52497212	all	NA	NA	NA	7.72013624796121
FKBP9	3432769	all	NA	NA	NA	6.5356447061123
FLCN	9003332	all	1	NA	NA	6.95440331338876
FLI1	52043349	all	NA	NA	NA	7.71636524407111
FLT3	4218655	all	2	NA	NA	6.62517411334284
FLT4	53852338	all	1	NA	NA	7.73120457100879
FNBP1	5465917	all	NA	NA	NA	6.737663112096
FOXA1	16814609	all	5	NA	NA	7.22568679869126
FOXL2	11343123	all	NA	NA	NA	7.05473267969935
FOXO1	8234948	all	NA	NA	NA	6.9156609138777
FOXO3	26496784	all	5	NA	NA	7.4231931818061
FOXP1	55683159	all	NA	NA	NA	7.74572387336295
FOXR1	42323377	all	NA	NA	NA	7.62658032320985
FSTL3	4271935	all	NA	NA	NA	6.63062473768739
FUBP1	31663440	all	NA	NA	NA	7.50055810970851
FUS	3279068	all	NA	NA	NA	6.51575055543239
GAS7	1701729	all	NA	NA	NA	6.23089065515401
GATA2	878321	all	1	NA	NA	5.94365376099298
GATA3	36750895	all	1	NA	NA	7.56526793180422
GLI1	152026	all	1	NA	NA	5.18192072550849
GMPS	5105170	all	NA	NA	NA	6.70801029355567
GNA11	1833875	all	1	NA	NA	6.26336996691941
GNAQ	15199638	all	NA	NA	NA	7.18183327332834
GNAS	15063927	all	7	NA	NA	7.1779382312467
GOLGA5	192767	all	NA	NA	NA	5.28503494151255
GOLPH3	36287906	all	NA	NA	NA	7.55976191985214
GOPC	17579050	all	NA	NA	NA	7.24499542610818
GPC5	59156080	all	NA	NA	NA	7.77199939493184
GPHN	11319688	all	NA	NA	NA	7.05383449509967
GRIN2A	17633544	all	NA	NA	NA	7.24633963045996
GRM3	13202973	all	NA	NA	NA	7.12067176804761
H3F3A	19161548	all	NA	NA	NA	7.28243061408285
H3F3B	2431729	all	NA	NA	NA	6.38591535266498
HERPUD1	579989	all	NA	NA	NA	5.76342050566249
HEY1	10915242	all	NA	NA	NA	7.03803340860992
HIF1A	6507682	all	NA	NA	NA	6.8134263895777
HIP1	24328885	all	1	NA	NA	7.38612222339324
HIST1H3B	5696268	all	NA	NA	NA	6.75559049018939
HIST1H4I	4621099	all	NA	NA	NA	6.66474536669622
HLA-A	1814896	all	1	NA	NA	6.25885198276004
HLF	10329631	all	NA	NA	NA	7.01408484976588
HMGA1	830700	all	NA	NA	NA	5.91944473327037
HMGA2	8197496	all	NA	NA	NA	6.91368126640469
HMGN2P46	12866738	all	NA	NA	NA	7.1094684914453
HNF1A	1264446	all	NA	NA	NA	6.10190063036691
HNRNPA2B1	10238898	all	NA	NA	NA	7.01025325899019
HOOK3	5294286	all	21	15	1.4	6.72380748043678
HOXA11	9254476	all	NA	NA	NA	6.96635188041664
HOXA13	9239586	all	NA	NA	NA	6.96565255913898
HOXA9	9274162	all	NA	NA	NA	6.96727472466076
HOXC11	678777	all	NA	NA	NA	5.83172775787452
HOXC13	644443	all	1	NA	NA	5.80918518461007
HOXD11	137994877	all	NA	NA	NA	8.13986296685328
HOXD13	137980325	all	NA	NA	NA	8.13981716670011
HRAS	1314755	all	NA	NA	NA	6.11884516142955
HSP90AA1	9045261	all	NA	NA	NA	6.95642115090908
HSP90AB1	5028598	all	2	NA	NA	6.70144700467425
ID3	2244091	all	1	NA	NA	6.35104065751876
IDH1	170123747	all	NA	NA	NA	8.23076494209858
IDH2	441430	all	4	NA	NA	5.6448628287264
IGF2BP2	34878373	all	NA	NA	NA	7.54255623029471
IKBKB	4671073	all	25	15	1.66666666666667	6.66941674751409
IKZF1	13862264	all	NA	NA	NA	7.1418341968439
IKZF3	4805945	all	45	46	0.978260869565217	6.68177888672719
IL2	54912853	all	NA	NA	NA	7.73967401599568
IL21R	446793	all	NA	NA	NA	5.65010733233885
IL6ST	13171510	all	1	NA	NA	7.11963559890414
IL7R	32585410	all	NA	NA	NA	7.51302320312528
IRF4	31317114	all	2	NA	NA	7.49578174708673
ISX	5608884	all	NA	NA	NA	6.74887653568122
ITGAV	148477583	all	NA	NA	NA	8.17166089217217
ITK	30431738	all	NA	NA	NA	7.48332677051541
JAK1	18548753	all	1	NA	NA	7.26831474149289
JAK2	90717648	all	3	NA	NA	7.95769178670363
JAK3	18287	all	2	NA	NA	4.26216621305121
JAZF1	8258874	all	NA	NA	NA	6.91692089301443
JUN	12496311	all	NA	NA	NA	7.09678185985803
KAT6A	4329251	all	24	15	1.6	6.63641286625301
KAT6B	14046849	all	4	NA	NA	7.14757894481076
KAT7	4853381	all	20	NA	NA	6.68604447511151
KCNJ5	52242273	all	NA	NA	NA	7.71802207263451
KDM5A	6444995	all	1	NA	NA	6.80922265215048
KDR	54197819	all	1	NA	NA	7.73398181825405
KDSR	108026	all	NA	NA	NA	5.03353231553798
KEAP1	638724	all	1	NA	NA	5.80531391498304
KIAA1549	12884834	all	NA	NA	NA	7.11007886145516
KIF5B	12522686	all	NA	NA	NA	7.09769752568491
KIT	53777487	all	1	NA	NA	7.73060051203348
KLF4	14398239	all	NA	NA	NA	7.1583094084145
KLF6	41040584	all	NA	NA	NA	7.61321354266081
KLK2	3529421	all	NA	NA	NA	6.54770358845754
KRAS	18402005	all	2	NA	NA	7.26486516796848
KTN1	392488	all	NA	NA	NA	5.59382748960039
LARP4B	43936355	all	NA	NA	NA	7.64282403449806
LASP1	5748364	all	NA	NA	NA	6.75954433643734
LATS1	14476764	all	2	NA	NA	7.16067152459507
LATS2	11257662	all	1	NA	NA	7.05144824384177
LCK	11076521	all	1	NA	NA	7.04440341442435
LCP1	13805204	all	NA	NA	NA	7.14004286006675
LEF1	69200391	all	NA	NA	NA	7.84010855461506
LEPROTL1	7340942	all	NA	NA	NA	6.8657518519312
LIFR	29866824	all	NA	NA	NA	7.47518905727876
LMNA	390188	all	NA	NA	NA	5.59127502183287
LMO1	6387735	all	NA	NA	NA	6.80534695879511
LMO2	12890206	all	NA	NA	NA	7.11025989161531
LPP	37388508	all	NA	NA	NA	7.57273814645982
LRIG3	1245194	all	1	NA	NA	6.09523736813257
LRP1B	102011789	all	NA	NA	NA	8.00865036819368
LSM14A	149114	all	NA	NA	NA	5.17352133285315
LYL1	1953951	all	NA	NA	NA	6.29091389080999
LYN	10499282	all	NA	NA	NA	7.02115964194844
LZTR1	1829664	all	NA	NA	NA	6.2623715804574
MACC1	16222298	all	NA	NA	NA	7.21011240180249
MAF	5684333	all	NA	NA	NA	6.75467958827291
MAFB	1685613	all	NA	NA	NA	6.22675812968209
MALAT1	184062	all	NA	NA	NA	5.26496649621291
MALT1	4466083	all	NA	NA	NA	6.64992688720685
MAML2	19192400	all	1	NA	NA	7.2831293090671
MAP2K1	1561696	all	NA	NA	NA	6.19359677602474
MAP2K2	831201	all	NA	NA	NA	5.91970657952977
MAP2K4	3811938	all	2	NA	NA	6.58114594228755
MAP3K1	12270355	all	1	NA	NA	7.08885716310131
MAP3K13	34597815	all	NA	NA	NA	7.53904868465737
MAPK1	2607055	all	NA	NA	NA	6.41615035998681
MAX	9818455	all	NA	NA	NA	6.99204319823492
MB21D2	42031452	all	NA	NA	NA	7.62357440354279
MDM2	11181227	all	8	NA	NA	7.04848950340162
MDM4	2519164	all	4	NA	NA	6.40125661380328
MDS2	2313505	all	NA	NA	NA	6.36427063016551
MECOM	18318132	all	NA	NA	NA	7.26288120791718
MEN1	490675	all	3	18	0.166666666666667	5.69079481623959
MET	16614511	all	NA	NA	NA	7.22048758974235
MGMT	1339228	all	NA	NA	NA	6.12685484507243
MITF	57298811	all	NA	NA	NA	7.75814561765337
MLF1	7805798	all	NA	NA	NA	6.8924173639687
MLH1	90223964	all	NA	NA	NA	7.95532190877126
MLLT1	1248727	all	1	NA	NA	6.09646784993252
MLLT10	22835502	all	NA	NA	NA	7.35861058229811
MLLT11	5459094	all	NA	NA	NA	6.73712065203023
MLLT3	75223316	all	NA	NA	NA	7.87635247988451
MLLT6	5940331	all	NA	NA	NA	6.77381071800118
MN1	1649692	all	NA	NA	NA	6.21740313160114
MNX1	5238769	all	NA	NA	NA	6.71922933184678
MPL	1409093	all	NA	NA	NA	6.14893996565698
MSH2	8653056	all	NA	NA	NA	6.93716956453832
MSH6	9033014	all	NA	NA	NA	6.95583273141163
MSI2	12321241	all	23	NA	NA	7.09065448758163
MTOR	6522315	all	NA	NA	NA	6.8144018361338
MUC1	1337366	all	NA	NA	NA	6.12625060262736
MUC16	2160760	all	NA	NA	NA	6.33460673258367
MUC4	44990485	all	NA	NA	NA	7.65312068456317
MUTYH	562924	all	NA	NA	NA	5.75045053649277
MYB	0	all	NA	NA	NA	0
MYC	399522	all	12	21	0.571428571428571	5.60154178611699
MYCN	4292751	all	1	NA	NA	6.63273579923122
MYD88	89131789	all	NA	NA	NA	7.95003262838259
MYH11	11959268	all	NA	NA	NA	7.07770463458813
MYH9	5534027	all	NA	NA	NA	6.74304135216936
MYO5A	12282291	all	1	NA	NA	7.08927941811383
MYOD1	15882988	all	NA	NA	NA	7.2009322351222
N4BP2	38311916	all	NA	NA	NA	7.58333388316795
NAB2	528813	all	NA	NA	NA	5.72330294428822
NACA	898745	all	NA	NA	NA	5.95363697050438
NARS2	1627977	all	25	18	1.38888888888889	6.21164853166918
NBEA	2621569	all	1	NA	NA	6.4185614585433
NBN	21184560	all	3	NA	NA	7.32601946870269
NCKIPSD	78592965	all	NA	NA	NA	7.89538367881188
NCOA1	13019414	all	NA	NA	NA	7.11459147056246
NCOA2	1263263	all	NA	NA	NA	6.10149411996315
NCOA4	6693108	all	NA	NA	NA	6.82562789772322
NCOR1	7821213	all	3	NA	NA	6.89327416899087
NCOR2	4656859	all	NA	NA	NA	6.66809318185771
NDRG1	5095476	all	6	21	0.285714285714286	6.70718484560864
NF1	2506247	all	8	NA	NA	6.39902404339496
NF2	146299	all	2	NA	NA	5.16524432612531
NFATC2	7656898	all	8	NA	NA	6.88405291847542
NFE2L2	139117827	all	NA	NA	NA	8.14338278855347
NFIB	81446848	all	NA	NA	NA	7.9108742870683
NFKB2	257522	all	NA	NA	NA	5.41081602299667
NFKBIE	5039652	all	2	NA	NA	6.70240063458575
NIN	3581259	all	2	NA	NA	6.55403585199942
NKX2-1	17889668	all	5	NA	NA	7.25260230519547
NOTCH1	1109942	all	1	NA	NA	6.0453006766055
NOTCH2	8396623	all	2	NA	NA	6.9241047059569
NPM1	44638539	all	NA	NA	NA	7.64970998162144
NR4A3	6735241	all	NA	NA	NA	6.82835320471772
NRAS	3189524	all	NA	NA	NA	6.50372601056847
NRG1	4827004	all	3	15	0.2	6.68367774867808
NSD1	50383911	all	2	NA	NA	7.70229188475905
NT5C2	370634	all	NA	NA	NA	5.56894642844522
NTHL1	25812288	all	NA	NA	NA	7.41182651891776
NTRK1	281705	all	NA	NA	NA	5.44979609703597
NTRK2	8207325	all	NA	NA	NA	6.91420168420785
NTRK3	378164	all	3	NA	NA	5.57768133146234
NUMA1	4683397	all	17	18	0.944444444444444	6.67056106614406
NUP214	4162300	all	NA	NA	NA	6.61933348335093
NUP98	1838119	all	NA	NA	NA	6.26437386049767
OLIG2	6989917	all	NA	NA	NA	6.84447208098797
OMD	658994	all	NA	NA	NA	5.81888211947922
PABPC1	22433301	all	5	NA	NA	7.3508932029113
PAFAH1B2	40495960	all	NA	NA	NA	7.60741170956317
PAK1	514021	all	27	18	1.5	5.71098170707725
PALB2	4257477	all	NA	NA	NA	6.6291524124765
PATZ1	1868545	all	NA	NA	NA	6.27150379381009
PAX3	184087399	all	NA	NA	NA	8.2650240639101
PAX5	58811354	all	NA	NA	NA	7.7694611855616
PAX7	1108072	all	NA	NA	NA	6.04456837271447
PAX8	74996368	all	NA	NA	NA	7.87504023723921
PBRM1	74596433	all	NA	NA	NA	7.87271806700164
PBX1	8024965	all	NA	NA	NA	6.90444320107147
PCBP1	31337378	all	NA	NA	NA	7.4960626700701
PCM1	4650699	all	NA	NA	NA	6.66751832563349
PDCD1LG2	90274549	all	3	NA	NA	7.9555653322359
PDE4DIP	11423987	all	1	NA	NA	7.05781773824018
PDGFB	2677133	all	NA	NA	NA	6.42767010970173
PDGFRA	53348656	all	1	NA	NA	7.72712349096141
PDGFRB	23317234	all	NA	NA	NA	7.36767704971315
PER1	52310	all	NA	NA	NA	4.71859302227043
PHOX2B	39999492	all	NA	NA	NA	7.60205448661052
PICALM	9149446	all	NA	NA	NA	6.96139484574883
PIK3CA	28383156	all	NA	NA	NA	7.45306069948742
PIK3CB	11054289	all	NA	NA	NA	7.04353085374564
PIK3R1	864684	all	1	NA	NA	5.93685792517924
PIM1	2009620	all	1	NA	NA	6.30311416034157
PLAG1	10299359	all	1	NA	NA	7.01281023857856
PLCG1	1199132	all	1	NA	NA	6.07886735487761
PML	250633	all	NA	NA	NA	5.39903998529656
PMS1	151671604	all	NA	NA	NA	8.18090428252647
PMS2	30430574	all	NA	NA	NA	7.48331015863381
POLD1	3040325	all	1	NA	NA	6.48292015348058
POLE	13048245	all	NA	NA	NA	7.11555213591047
POLG	251309	all	NA	NA	NA	5.40020977016206
POLQ	6051446	all	NA	NA	NA	6.78185923398736
POLR2A	690134	all	NA	NA	NA	5.8389340530855
POT1	24764493	all	NA	NA	NA	7.39382945869631
POU2AF1	34703943	all	NA	NA	NA	7.54037883387163
POU5F1	590105	all	NA	NA	NA	5.77093003042216
PPARG	114840445	all	2	NA	NA	8.06009487047514
PPFIBP1	20720870	all	NA	NA	NA	7.31640800698745
PPM1D	15664864	all	28	27	1.03703703703704	7.19492665647864
PPP2R1A	4845787	all	1	NA	NA	6.68536441012255
PPP6C	10319172	all	2	NA	NA	7.01364489342219
PRCC	233437	all	NA	NA	NA	5.36817155371025
PRDM1	25819004	all	7	NA	NA	7.4119395016277
PRDM16	14489740	all	NA	NA	NA	7.16106062265019
PRDM2	3693351	all	NA	NA	NA	6.56742070065736
PREX2	615069	all	NA	NA	NA	5.78892454485468
PRF1	9817575	all	1	NA	NA	6.9920042719239
PRKACA	1350255	all	NA	NA	NA	6.13041611578926
PRKAR1A	9678681	all	16	NA	NA	6.98581622103785
PRKCB	3678225	all	NA	NA	NA	6.56563840993129
PRKD1	24482199	all	NA	NA	NA	7.38885044145269
PRPF40B	289116	all	NA	NA	NA	5.46107362881742
PRRX1	14129476	all	NA	NA	NA	7.15012608681546
PSIP1	80334827	all	1	NA	NA	7.90490386818027
PTCH1	2356370	all	NA	NA	NA	6.37224366920847
PTEN	14166060	all	1	NA	NA	7.15124910756729
PTK6	19808910	all	6	NA	NA	7.29686060074346
PTPN11	3319609	all	NA	NA	NA	6.52108706418688
PTPN13	85768860	all	NA	NA	NA	7.93332964273826
PTPN6	99565	all	NA	NA	NA	4.9981110599773
PTPRB	12889890	all	6	NA	NA	7.11024924487096
PTPRC	1556698	all	1	NA	NA	6.19220464643044
PTPRD	85233107	all	3	NA	NA	7.9306083251508
PTPRK	6660885	all	5	NA	NA	6.82353200083977
PTPRT	0	all	4	NA	NA	0
PWWP2A	33326725	all	NA	NA	NA	7.52279265089504
QKI	28330388	all	NA	NA	NA	7.45225253778883
RABEP1	2818932	all	NA	NA	NA	6.45008475374458
RAC1	30035714	all	NA	NA	NA	7.47763797478374
RAD17	200861	all	NA	NA	NA	5.30289778268509
RAD21	6280511	all	7	21	0.333333333333333	6.79799504974212
RAD51B	12632059	all	NA	NA	NA	7.10147417982537
RAF1	114610599	all	2	NA	NA	8.05922478611844
RALGDS	2246802	all	NA	NA	NA	6.35156499508775
RANBP2	70358730	all	NA	NA	NA	7.84731799785951
RAP1GDS1	78925493	all	NA	NA	NA	7.89721730885127
RARA	4312492	all	30	NA	NA	6.63472840313899
RB1	15983028	all	1	NA	NA	7.20365908745153
RBM15	1164902	all	NA	NA	NA	6.06628976371516
RECQL4	16582729	all	2	21	0.0952380952380952	7.21965602961209
REL	22131545	all	NA	NA	NA	7.34501175264472
RET	1242262	all	NA	NA	NA	6.09421355023441
RFWD3	10618176	all	NA	NA	NA	7.02604996054955
RGPD3	68043929	all	NA	NA	NA	7.83278938912666
RGS7	33849944	all	1	NA	NA	7.52955796737224
RHOA	77866773	all	NA	NA	NA	7.89135218236251
RHOH	38451919	all	NA	NA	NA	7.58491803008249
RMI2	16464538	all	NA	NA	NA	7.21654957515974
RNF213	2021923	all	4	NA	NA	6.30576482731782
RNF43	13418350	all	21	NA	NA	7.12769914805329
ROBO2	49617187	all	NA	NA	NA	7.69563214746766
ROS1	17755737	all	NA	NA	NA	7.249338728041
RPL22	11585244	all	NA	NA	NA	7.06390522250433
RPL5	18746725	all	NA	NA	NA	7.27292543183505
RPN1	1018869	all	NA	NA	NA	6.00811877489522
RPS6KB1	14957753	all	28	27	1.03703703703704	7.17486638640038
RSF1	858235	all	25	18	1.38888888888889	5.93360672771406
RSPO2	15071703	all	NA	NA	NA	7.17816235622713
RSPO3	7984573	all	NA	NA	NA	6.90225175023222
RUNX1	4969822	all	NA	NA	NA	6.6963409216323
RUNX1T1	23210148	all	2	NA	NA	7.36567792846411
S100A7	3066929	all	NA	NA	NA	6.48670386370317
SALL4	8049717	all	8	NA	NA	6.90578066630711
SBDS	29970576	all	NA	NA	NA	7.47669510415698
SDC4	1603063	all	5	NA	NA	6.20495086127617
SDHA	68205519	all	NA	NA	NA	7.83381952434164
SDHAF2	677951	all	NA	NA	NA	5.83119894626665
SDHB	464258	all	NA	NA	NA	5.66676033160934
SDHC	4780329	all	2	NA	NA	6.67945787825064
SDHD	35438531	all	NA	NA	NA	7.54947572344346
SEPT5	195093	all	NA	NA	NA	5.29024391313127
SEPT9	710913	all	NA	NA	NA	5.85181706685572
SET	6812716	all	1	NA	NA	6.83332034873815
SETBP1	3868832	all	NA	NA	NA	6.58757998359982
SETD1B	2090535	all	NA	NA	NA	6.32025765070333
SETD2	80110832	all	NA	NA	NA	7.90369124759498
SETDB1	5562846	all	2	NA	NA	6.74529711531212
SF3B1	159279493	all	NA	NA	NA	8.20215986735237
SFPQ	9570484	all	NA	NA	NA	6.98093394691859
SFRP4	1463422	all	NA	NA	NA	6.1653698763736
SGK1	863559	all	5	NA	NA	5.93629251765756
SH2B3	2306825	all	NA	NA	NA	6.36301483765515
SH3GL1	554856	all	NA	NA	NA	5.7441810694054
SIRPA	35633182	all	NA	NA	NA	7.55185461824193
SIX1	5456981	all	NA	NA	NA	6.73695252125363
SIX2	6255118	all	NA	NA	NA	6.79623557630789
SKI	15603272	all	NA	NA	NA	7.19321570712017
SLC34A2	23910827	all	NA	NA	NA	7.37859461541334
SLC45A3	1396781	all	3	NA	NA	6.14512862974706
SMAD2	1059790	all	NA	NA	NA	6.0252202270608
SMAD3	2240680	all	NA	NA	NA	6.35038003154575
SMAD4	2037685	all	NA	NA	NA	6.30913726162638
SMARCA4	79819	all	1	NA	NA	4.902111723448
SMARCB1	4622256	all	NA	NA	NA	6.66485408882351
SMARCD1	750696	all	1	NA	NA	5.87546468030484
SMARCE1	4022283	all	NA	NA	NA	6.60447273142195
SMO	22697515	all	NA	NA	NA	7.35597833091463
SND1	23818240	all	NA	NA	NA	7.37690968526593
SNX29	15242010	all	NA	NA	NA	7.18304227071654
SOCS1	16560116	all	NA	NA	NA	7.21906340082295
SOX2	30946567	all	NA	NA	NA	7.4906124924092
SOX21	62467027	all	NA	NA	NA	7.7956508439658
SPECC1	6636094	all	NA	NA	NA	6.82191259460375
SPEN	1577973	all	NA	NA	NA	6.19809984313858
SPOP	4663558	all	19	NA	NA	6.66871747551559
SRC	1519902	all	NA	NA	NA	6.18181587221519
SRGAP3	118024988	all	4	NA	NA	8.07197396862679
SRSF2	1474177	all	6	NA	NA	6.16854992568756
SRSF3	2580579	all	NA	NA	NA	6.41171732708356
SS18	20980847	all	NA	NA	NA	7.32182303744562
SS18L1	18367954	all	NA	NA	NA	7.26406080673293
STAG1	8736055	all	NA	NA	NA	6.94131540929073
STAT3	2285873	all	1	NA	NA	6.35905228790842
STAT5B	2397962	all	1	NA	NA	6.37984247775374
STAT6	512875	all	2	NA	NA	5.71001237675841
STIL	965658	all	NA	NA	NA	5.98482379249903
STK11	3726893	all	NA	NA	NA	6.57134704076303
STRN	1782949	all	NA	NA	NA	6.25113916424738
SUB1	35858146	all	NA	NA	NA	7.55458784327224
SUFU	80072	all	NA	NA	NA	4.90348610000759
SUZ12	3348346	all	18	NA	NA	6.52483045899153
SYK	2184989	all	NA	NA	NA	6.33944945368413
TAF15	7220790	all	6	18	0.333333333333333	6.8585847748714
TAL1	931810	all	NA	NA	NA	5.96932783297537
TAL2	12575842	all	NA	NA	NA	7.09953710688718
TBL1XR1	26255388	all	NA	NA	NA	7.41921845718038
TBX3	5027882	all	NA	NA	NA	6.70138516299849
TCEA1	12488210	all	NA	NA	NA	7.09650022792764
TCF12	7522826	all	NA	NA	NA	6.87638107460541
TCF3	3303001	all	NA	NA	NA	6.51890883666105
TCF7L2	3064020	all	NA	NA	NA	6.48629173751176
TCL1A	2674490	all	NA	NA	NA	6.42724114077771
TEC	46391193	all	NA	NA	NA	7.66643555037904
TERT	67167169	all	NA	NA	NA	7.82715705025975
TET1	7780587	all	NA	NA	NA	6.89101241903414
TET2	72089545	all	NA	NA	NA	7.85787229046578
TFEB	2465465	all	NA	NA	NA	6.39189901777196
TFG	26848489	all	NA	NA	NA	7.4289198653388
TFPT	6763052	all	NA	NA	NA	6.83014279087312
TFRC	45293001	all	NA	NA	NA	7.65603110648176
TGFBR2	96580668	all	1	NA	NA	7.98489020936835
THRAP3	8458272	all	1	NA	NA	6.92728169836588
TLX1	997046	all	NA	NA	NA	5.99871563108953
TLX3	44560119	all	NA	NA	NA	7.64894635171836
TMEM127	57939107	all	NA	NA	NA	7.76297180475004
TMPRSS2	900730	all	NA	NA	NA	5.95459510989293
TNC	20390904	all	1	NA	NA	7.30943650129477
TNFAIP3	2683294	all	2	NA	NA	6.42866842139701
TNFRSF14	15349658	all	1	NA	NA	7.1860987318612
TNFRSF17	15848231	all	NA	NA	NA	7.19998082015179
TOP1	1250365	all	1	NA	NA	6.09703715581956
TP53	517200	all	NA	NA	NA	5.71365935591072
TP63	38866061	all	NA	NA	NA	7.58957053913113
TPM3	2335457	all	NA	NA	NA	6.36837206150509
TPM4	594769	all	NA	NA	NA	5.77434905473385
TPR	10705047	all	NA	NA	NA	7.02958861895305
TRAF7	25682026	all	NA	NA	NA	7.40962929821978
TRIM24	13280568	all	NA	NA	NA	7.12321668258218
TRIM27	2836788	all	NA	NA	NA	6.45282703422957
TRIM33	2877846	all	NA	NA	NA	6.45906770105923
TRIP11	992668	all	1	NA	NA	5.99680445953525
TRRAP	1086300	all	NA	NA	NA	6.03595017932889
TSC1	2451370	all	NA	NA	NA	6.38940904403856
TSC2	25771443	all	NA	NA	NA	7.4111387531905
TSHR	11886425	all	NA	NA	NA	7.07505129096795
U2AF1	701987	all	1	NA	NA	5.84632968822906
UBR5	20743121	all	4	NA	NA	7.31687412164478
USP44	13589678	all	1	NA	NA	7.13320919844146
USP6	3029739	all	NA	NA	NA	6.48140536071017
USP8	14310262	all	2	NA	NA	7.15564761547879
VAV1	1811056	all	2	NA	NA	6.257932119224
VHL	117122555	all	1	NA	NA	8.06864054155399
VTI1A	3412953	all	NA	NA	NA	6.53313043487085
WIF1	7423660	all	NA	NA	NA	6.87061813169264
WNK2	98316	all	NA	NA	NA	4.99262861821726
WRN	6418286	all	1	15	0.0666666666666667	6.80741913309752
WT1	14346955	all	3	NA	NA	7.15675976639148
WWTR1	1047763	all	NA	NA	NA	6.02026347249527
XPA	4588296	all	NA	NA	NA	6.66165152197693
XPC	113096127	all	2	NA	NA	8.0534477365168
XPO1	22727863	all	NA	NA	NA	7.35655862197208
YWHAE	6804507	all	NA	NA	NA	6.8327967290089
ZBTB16	37411391	all	NA	NA	NA	7.57300386769224
ZCCHC8	2805333	all	NA	NA	NA	6.44798457529685
ZEB1	13049316	all	NA	NA	NA	7.11558778133762
ZFHX3	12226421	all	NA	NA	NA	7.08729938156569
ZMYM2	12227417	all	1	NA	NA	7.08733475902005
ZNF331	6176909	all	NA	NA	NA	6.79077127354295
ZNF384	144939	all	NA	NA	NA	5.16118825698226
ZNF429	3708722	all	1	NA	NA	6.56922439761443
ZNF479	20705214	all	NA	NA	NA	7.31607974451378
ZNF521	20026516	all	NA	NA	NA	7.30160542362147
ZNF703	95554	all	31	15	2.06666666666667	4.98025341682898
ZNRF3	393703	all	1	NA	NA	5.59516982720858
